 time            v(b_out)        time            v(u_puf_u_core_sel_ro) time            v(q)           
 0.00000000e+00  4.68653885e-09  0.00000000e+00  2.46749715e-09  0.00000000e+00  2.46749746e-09 
 2.57650000e-09  8.68259466e-01  2.57650000e-09  2.96650426e-09  2.57650000e-09  2.46768661e-09 
 2.57750000e-09  9.09993250e-01  2.57750000e-09  2.96577646e-09  2.57750000e-09  2.46768539e-09 
 2.57850000e-09  9.51182927e-01  2.57850000e-09  2.96508568e-09  2.57850000e-09  2.46768583e-09 
 2.57950000e-09  9.91847507e-01  2.57950000e-09  2.96443842e-09  2.57950000e-09  2.46768433e-09 
 2.58050000e-09  1.03202682e+00  2.58050000e-09  2.96384517e-09  2.58050000e-09  2.46768528e-09 
 2.58150000e-09  1.07178660e+00  2.58150000e-09  2.96329133e-09  2.58150000e-09  2.46768539e-09 
 2.92750000e-09  1.94996701e+00  2.92750000e-09  7.85348245e-01  2.92750000e-09 -4.04781477e-05 
 2.92850000e-09  1.94996708e+00  2.92850000e-09  8.56071979e-01  2.92850000e-09 -7.88893762e-05 
 2.92950000e-09  1.94996724e+00  2.92950000e-09  9.26359246e-01  2.92950000e-09 -1.14238600e-04 
 2.93050000e-09  1.94996732e+00  2.93050000e-09  9.96063768e-01  2.93050000e-09 -1.38235143e-04 
 2.93150000e-09  1.94996751e+00  2.93150000e-09  1.06511834e+00  2.93150000e-09 -1.54552765e-04 
 2.93250000e-09  1.94996758e+00  2.93250000e-09  1.13359976e+00  2.93250000e-09 -1.66723464e-04 
 3.04750000e-09  1.94244842e+00  3.04750000e-09  1.94987273e+00  3.04750000e-09  8.38479330e-01 
 3.04850000e-09  1.94181447e+00  3.04850000e-09  1.94988097e+00  3.04850000e-09  9.00076928e-01 
 3.04950000e-09  1.94112199e+00  3.04950000e-09  1.94988766e+00  3.04950000e-09  9.60195896e-01 
 3.05050000e-09  1.94032088e+00  3.05050000e-09  1.94989707e+00  3.05050000e-09  1.01983447e+00 
 3.05150000e-09  1.93934997e+00  3.05150000e-09  1.94990305e+00  3.05150000e-09  1.08221182e+00 
 3.05250000e-09  1.93814297e+00  3.05250000e-09  1.94990777e+00  3.05250000e-09  1.15134429e+00 
 3.11550000e-09  1.08240527e+00  3.11550000e-09  1.94996483e+00  3.11550000e-09  1.94857887e+00 
 3.11650000e-09  1.03072017e+00  3.11650000e-09  1.94996681e+00  3.11650000e-09  1.94866369e+00 
 3.11750000e-09  9.79214002e-01  3.11750000e-09  1.94996797e+00  3.11750000e-09  1.94878009e+00 
 3.11850000e-09  9.27863102e-01  3.11850000e-09  1.94996966e+00  3.11850000e-09  1.94885037e+00 
 3.11950000e-09  8.76596416e-01  3.11950000e-09  1.94997058e+00  3.11950000e-09  1.94895192e+00 
 3.12050000e-09  8.25419799e-01  3.12050000e-09  1.94997203e+00  3.12050000e-09  1.94900995e+00 
 3.63650000e-09  3.04795998e-03  3.63650000e-09  1.08478847e+00  3.63650000e-09  1.94995817e+00 
 3.63750000e-09  3.01304062e-03  3.63750000e-09  1.04037442e+00  3.63750000e-09  1.94996171e+00 
 3.63850000e-09  2.98271018e-03  3.63850000e-09  9.95528364e-01  3.63850000e-09  1.94996882e+00 
 3.63950000e-09  2.94502312e-03  3.63950000e-09  9.50258816e-01  3.63950000e-09  1.94998075e+00 
 3.64050000e-09  2.88627374e-03  3.64050000e-09  9.04581310e-01  3.64050000e-09  1.94999672e+00 
 3.64150000e-09  2.78607264e-03  3.64150000e-09  8.58509192e-01  3.64150000e-09  1.95002335e+00 
 3.69850000e-09  8.66825943e-01  3.69850000e-09  5.89580588e-03  3.69850000e-09  1.94753703e+00 
 3.69950000e-09  9.08578374e-01  3.69950000e-09  5.67630056e-03  3.69950000e-09  1.94786003e+00 
 3.70050000e-09  9.49787125e-01  3.70050000e-09  5.48779176e-03  3.70050000e-09  1.94828226e+00 
 3.70150000e-09  9.90469912e-01  3.70150000e-09  5.38858643e-03  3.70150000e-09  1.94882261e+00 
 3.70250000e-09  1.03066627e+00  3.70250000e-09  5.34794301e-03  3.70250000e-09  1.94944185e+00 
 3.70350000e-09  1.07044091e+00  3.70350000e-09  5.34001328e-03  3.70350000e-09  1.95008607e+00 
 4.04850000e-09  1.94996682e+00  4.04850000e-09  7.98797986e-01  4.04850000e-09  1.95004484e+00 
 4.04950000e-09  1.94996699e+00  4.04950000e-09  8.69426682e-01  4.04950000e-09  1.94995018e+00 
 4.05050000e-09  1.94996708e+00  4.05050000e-09  9.39467594e-01  4.05050000e-09  1.94984267e+00 
 4.05150000e-09  1.94996723e+00  4.05150000e-09  1.00876297e+00  4.05150000e-09  1.94971788e+00 
 4.05250000e-09  1.94996732e+00  4.05250000e-09  1.07727395e+00  4.05250000e-09  1.94958932e+00 
 4.05350000e-09  1.94996750e+00  4.05350000e-09  1.14511546e+00  4.05350000e-09  1.94947493e+00 
 4.18450000e-09  1.93036706e+00  4.18450000e-09  1.94998536e+00  4.18450000e-09  1.09148225e+00 
 4.18550000e-09  1.93381329e+00  4.18550000e-09  1.95001306e+00  4.18550000e-09  1.03361346e+00 
 4.18650000e-09  1.93833350e+00  4.18650000e-09  1.95003837e+00  4.18650000e-09  9.75377448e-01 
 4.18750000e-09  1.94369003e+00  4.18750000e-09  1.95005631e+00  4.18750000e-09  9.16555390e-01 
 4.18850000e-09  1.94959383e+00  4.18850000e-09  1.95006806e+00  4.18850000e-09  8.57122678e-01 
 4.18950000e-09  1.95643881e+00  4.18950000e-09  1.95007393e+00  4.18950000e-09  7.96951459e-01 
 4.23750000e-09  1.08409410e+00  4.23750000e-09  1.95003239e+00  4.23750000e-09  4.50360895e-03 
 4.23850000e-09  1.03240207e+00  4.23850000e-09  1.95002529e+00  4.23850000e-09  4.28376664e-03 
 4.23950000e-09  9.80890032e-01  4.23950000e-09  1.95001841e+00  4.23950000e-09  4.09610690e-03 
 4.24050000e-09  9.29535904e-01  4.24050000e-09  1.95001352e+00  4.24050000e-09  3.91127083e-03 
 4.24150000e-09  8.78265978e-01  4.24150000e-09  1.95000843e+00  4.24150000e-09  3.75416369e-03 
 4.24250000e-09  8.27087715e-01  4.24250000e-09  1.95000509e+00  4.24250000e-09  3.59583330e-03 
 4.75850000e-09  3.04934974e-03  4.75850000e-09  1.08626689e+00  4.75850000e-09 -2.54031885e-07 
 4.75950000e-09  3.01431096e-03  4.75950000e-09  1.04186613e+00  4.75950000e-09  1.00680540e-06 
 4.76050000e-09  2.98381962e-03  4.76050000e-09  9.97033927e-01  4.76050000e-09  2.43242428e-06 
 4.76150000e-09  2.94680149e-03  4.76150000e-09  9.51777767e-01  4.76150000e-09  4.24789715e-06 
 4.76250000e-09  2.88901231e-03  4.76250000e-09  9.06114240e-01  4.76250000e-09  5.88887672e-06 
 4.76350000e-09  2.79089846e-03  4.76350000e-09  8.60055915e-01  4.76350000e-09  7.61034716e-06 
 4.82050000e-09  8.65399870e-01  4.82050000e-09  5.19800973e-03  4.82050000e-09  7.82486714e-05 
 4.82150000e-09  9.07170599e-01  4.82150000e-09  5.04000050e-03  4.82150000e-09  1.15312100e-04 
 4.82250000e-09  9.48397716e-01  4.82250000e-09  4.86897402e-03  4.82250000e-09  1.38921096e-04 
 4.82350000e-09  9.89097808e-01  4.82350000e-09  4.76690715e-03  4.82350000e-09  1.70080967e-04 
 4.82450000e-09  1.02930987e+00  4.82450000e-09  4.73941939e-03  4.82450000e-09  1.97096777e-04 
 4.82550000e-09  1.06909751e+00  4.82550000e-09  4.75684538e-03  4.82550000e-09  1.93817437e-04 
 5.17050000e-09  1.94996682e+00  5.17050000e-09  7.94714329e-01  5.17050000e-09 -4.61823727e-05 
 5.17150000e-09  1.94996698e+00  5.17150000e-09  8.65397288e-01  5.17150000e-09 -8.46423843e-05 
 5.17250000e-09  1.94996708e+00  5.17250000e-09  9.35624123e-01  5.17250000e-09 -1.19762149e-04 
 5.17350000e-09  1.94996722e+00  5.17350000e-09  1.00525205e+00  5.17350000e-09 -1.41370603e-04 
 5.17450000e-09  1.94996733e+00  5.17450000e-09  1.07423625e+00  5.17450000e-09 -1.57685257e-04 
 5.17550000e-09  1.94996749e+00  5.17550000e-09  1.14266741e+00  5.17550000e-09 -1.70851438e-04 
 5.28950000e-09  1.94369709e+00  5.28950000e-09  1.94987594e+00  5.28950000e-09  7.95722332e-01 
 5.29050000e-09  1.94308235e+00  5.29050000e-09  1.94987961e+00  5.29050000e-09  8.58667234e-01 
 5.29150000e-09  1.94247225e+00  5.29150000e-09  1.94988738e+00  5.29150000e-09  9.19795193e-01 
 5.29250000e-09  1.94183987e+00  5.29250000e-09  1.94989454e+00  5.29250000e-09  9.79696997e-01 
 5.29350000e-09  1.94115037e+00  5.29350000e-09  1.94990185e+00  5.29350000e-09  1.03982864e+00 
 5.29450000e-09  1.94035433e+00  5.29450000e-09  1.94990964e+00  5.29450000e-09  1.10399055e+00 
 5.35950000e-09  1.08434433e+00  5.35950000e-09  1.94996707e+00  5.35950000e-09  1.94872122e+00 
 5.36050000e-09  1.03265125e+00  5.36050000e-09  1.94996858e+00  5.36050000e-09  1.94879469e+00 
 5.36150000e-09  9.81138252e-01  5.36150000e-09  1.94996984e+00  5.36150000e-09  1.94890167e+00 
 5.36250000e-09  9.29783570e-01  5.36250000e-09  1.94997111e+00  5.36250000e-09  1.94896231e+00 
 5.36350000e-09  8.78513316e-01  5.36350000e-09  1.94997215e+00  5.36350000e-09  1.94905589e+00 
 5.36450000e-09  8.27335352e-01  5.36450000e-09  1.94997323e+00  5.36450000e-09  1.94910570e+00 
 5.88050000e-09  3.04944630e-03  5.88050000e-09  1.08634622e+00  5.88050000e-09  1.94995831e+00 
 5.88150000e-09  3.01440643e-03  5.88150000e-09  1.04194729e+00  5.88150000e-09  1.94996134e+00 
 5.88250000e-09  2.98391197e-03  5.88250000e-09  9.97116667e-01  5.88250000e-09  1.94996868e+00 
 5.88350000e-09  2.94691236e-03  5.88350000e-09  9.51861523e-01  5.88350000e-09  1.94998007e+00 
 5.88450000e-09  2.88915025e-03  5.88450000e-09  9.06198478e-01  5.88450000e-09  1.94999626e+00 
 5.88550000e-09  2.79108437e-03  5.88550000e-09  8.60139723e-01  5.88550000e-09  1.95002205e+00 
 5.94250000e-09  8.65235233e-01  5.94250000e-09  5.90366412e-03  5.94250000e-09  1.94752692e+00 
 5.94350000e-09  9.07008187e-01  5.94350000e-09  5.68422352e-03  5.94350000e-09  1.94784695e+00 
 5.94450000e-09  9.48237380e-01  5.94450000e-09  5.49311324e-03  5.94450000e-09  1.94826531e+00 
 5.94550000e-09  9.88939410e-01  5.94550000e-09  5.39102563e-03  5.94550000e-09  1.94880145e+00 
 5.94650000e-09  1.02915325e+00  5.94650000e-09  5.34857720e-03  5.94650000e-09  1.94941937e+00 
 5.94750000e-09  1.06894234e+00  5.94750000e-09  5.34056107e-03  5.94750000e-09  1.95005754e+00 
 6.29250000e-09  1.94996682e+00  6.29250000e-09  7.96139780e-01  6.29250000e-09  1.95004828e+00 
 6.29350000e-09  1.94996698e+00  6.29350000e-09  8.66787581e-01  6.29350000e-09  1.94995373e+00 
 6.29450000e-09  1.94996708e+00  6.29450000e-09  9.36853205e-01  6.29450000e-09  1.94984706e+00 
 6.29550000e-09  1.94996722e+00  6.29550000e-09  1.00617836e+00  6.29550000e-09  1.94972273e+00 
 6.29650000e-09  1.94996733e+00  6.29650000e-09  1.07471135e+00  6.29650000e-09  1.94959395e+00 
 6.29750000e-09  1.94996749e+00  6.29750000e-09  1.14256721e+00  6.29750000e-09  1.94947878e+00 
 6.42850000e-09  1.93027314e+00  6.42850000e-09  1.94998424e+00  6.42850000e-09  1.09360590e+00 
 6.42950000e-09  1.93368041e+00  6.42950000e-09  1.95001210e+00  6.42950000e-09  1.03575059e+00 
 6.43050000e-09  1.93816830e+00  6.43050000e-09  1.95003746e+00  6.43050000e-09  9.77531019e-01 
 6.43150000e-09  1.94350148e+00  6.43150000e-09  1.95005586e+00  6.43150000e-09  9.18732435e-01 
 6.43250000e-09  1.94939174e+00  6.43250000e-09  1.95006764e+00  6.43250000e-09  8.59323699e-01 
 6.43350000e-09  1.95620732e+00  6.43350000e-09  1.95007388e+00  6.43350000e-09  7.99179926e-01 
 6.48150000e-09  1.08581242e+00  6.48150000e-09  1.95003274e+00  6.48150000e-09  4.51229671e-03 
 6.48250000e-09  1.03411326e+00  6.48250000e-09  1.95002551e+00  6.48250000e-09  4.29165780e-03 
 6.48350000e-09  9.82595069e-01  6.48350000e-09  1.95001867e+00  6.48350000e-09  4.10329845e-03 
 6.48450000e-09  9.31237509e-01  6.48450000e-09  1.95001367e+00  6.48450000e-09  3.91791706e-03 
 6.48550000e-09  8.79964385e-01  6.48550000e-09  1.95000862e+00  6.48550000e-09  3.76022666e-03 
 6.48650000e-09  8.28784936e-01  6.48650000e-09  1.95000519e+00  6.48650000e-09  3.60153548e-03 
 7.00250000e-09  3.05056051e-03  7.00250000e-09  1.08697042e+00  7.00250000e-09 -2.21006347e-07 
 7.00350000e-09  3.01541757e-03  7.00350000e-09  1.04257649e+00  7.00350000e-09  9.39547783e-07 
 7.00450000e-09  2.98477667e-03  7.00450000e-09  9.97751240e-01  7.00450000e-09  2.44858343e-06 
 7.00550000e-09  2.94831413e-03  7.00550000e-09  9.52501587e-01  7.00550000e-09  4.17502760e-06 
 7.00650000e-09  2.89131725e-03  7.00650000e-09  9.06844567e-01  7.00650000e-09  5.90587892e-06 
 7.00750000e-09  2.79493681e-03  7.00750000e-09  8.60792241e-01  7.00750000e-09  7.54033960e-06 
 7.06450000e-09  8.63934291e-01  7.06450000e-09  5.19980874e-03  7.06450000e-09  7.73357070e-05 
 7.06550000e-09  9.05723792e-01  7.06550000e-09  5.04250336e-03  7.06550000e-09  1.14926951e-04 
 7.06650000e-09  9.46969584e-01  7.06650000e-09  4.87090107e-03  7.06650000e-09  1.38567349e-04 
 7.06750000e-09  9.87687432e-01  7.06750000e-09  4.76763676e-03  7.06750000e-09  1.69637565e-04 
 7.06850000e-09  1.02791565e+00  7.06850000e-09  4.73917732e-03  7.06850000e-09  1.96884429e-04 
 7.06950000e-09  1.06771665e+00  7.06950000e-09  4.75630031e-03  7.06950000e-09  1.94199751e-04 
 7.41450000e-09  1.94996682e+00  7.41450000e-09  7.92223239e-01  7.41450000e-09 -4.47889809e-05 
 7.41550000e-09  1.94996697e+00  7.41550000e-09  8.62918661e-01  7.41550000e-09 -8.33303467e-05 
 7.41650000e-09  1.94996708e+00  7.41650000e-09  9.33163874e-01  7.41650000e-09 -1.18683234e-04 
 7.41750000e-09  1.94996721e+00  7.41750000e-09  1.00281484e+00  7.41750000e-09 -1.40799382e-04 
 7.41850000e-09  1.94996733e+00  7.41850000e-09  1.07182047e+00  7.41850000e-09 -1.57339651e-04 
 7.41950000e-09  1.94996748e+00  7.41950000e-09  1.14026810e+00  7.41950000e-09 -1.70024835e-04 
 7.53350000e-09  1.94372973e+00  7.53350000e-09  1.94987592e+00  7.53350000e-09  7.93494434e-01 
 7.53450000e-09  1.94311554e+00  7.53450000e-09  1.94987926e+00  7.53450000e-09  8.56510359e-01 
 7.53550000e-09  1.94250628e+00  7.53550000e-09  1.94988725e+00  7.53550000e-09  9.17693626e-01 
 7.53650000e-09  1.94187644e+00  7.53650000e-09  1.94989414e+00  7.53650000e-09  9.77624071e-01 
 7.53750000e-09  1.94119131e+00  7.53750000e-09  1.94990180e+00  7.53750000e-09  1.03769210e+00 
 7.53850000e-09  1.94040285e+00  7.53850000e-09  1.94990921e+00  7.53850000e-09  1.10164920e+00 
 7.60350000e-09  1.08720725e+00  7.60350000e-09  1.94996707e+00  7.60350000e-09  1.94871601e+00 
 7.60450000e-09  1.03550249e+00  7.60450000e-09  1.94996847e+00  7.60450000e-09  1.94879360e+00 
 7.60550000e-09  9.83979517e-01  7.60550000e-09  1.94996985e+00  7.60550000e-09  1.94889702e+00 
 7.60650000e-09  9.32619381e-01  7.60650000e-09  1.94997101e+00  7.60650000e-09  1.94896158e+00 
 7.60750000e-09  8.81343676e-01  7.60750000e-09  1.94997217e+00  7.60750000e-09  1.94905170e+00 
 7.60850000e-09  8.30162959e-01  7.60850000e-09  1.94997314e+00  7.60850000e-09  1.94910527e+00 
 8.12450000e-09  3.05094394e-03  8.12450000e-09  1.08800070e+00  8.12450000e-09  1.94995827e+00 
 8.12550000e-09  3.01577083e-03  8.12550000e-09  1.04361784e+00  8.12550000e-09  1.94996114e+00 
 8.12650000e-09  2.98508462e-03  8.12650000e-09  9.98803526e-01  8.12650000e-09  1.94996834e+00 
 8.12750000e-09  2.94880717e-03  8.12750000e-09  9.53563690e-01  8.12750000e-09  1.94997955e+00 
 8.12850000e-09  2.89207427e-03  8.12850000e-09  9.07915933e-01  8.12850000e-09  1.94999560e+00 
 8.12950000e-09  2.79627112e-03  8.12950000e-09  8.61871384e-01  8.12950000e-09  1.95002091e+00 
 8.18650000e-09  8.63528792e-01  8.18650000e-09  5.91161269e-03  8.18650000e-09  1.94751640e+00 
 8.18750000e-09  9.05323689e-01  8.18750000e-09  5.69234521e-03  8.18750000e-09  1.94783353e+00 
 8.18850000e-09  9.46574906e-01  8.18850000e-09  5.49865083e-03  8.18850000e-09  1.94824773e+00 
 8.18950000e-09  9.87297640e-01  8.18950000e-09  5.39362049e-03  8.18950000e-09  1.94877972e+00 
 8.19050000e-09  1.02753031e+00  8.19050000e-09  5.34924255e-03  8.19050000e-09  1.94939598e+00 
 8.19150000e-09  1.06733503e+00  8.19150000e-09  5.34112033e-03  8.19150000e-09  1.95002803e+00 
 8.53650000e-09  1.94996682e+00  8.53650000e-09  7.93196511e-01  8.53650000e-09  1.95005194e+00 
 8.53750000e-09  1.94996697e+00  8.53750000e-09  8.63864518e-01  8.53750000e-09  1.94995769e+00 
 8.53850000e-09  1.94996708e+00  8.53850000e-09  9.33957506e-01  8.53850000e-09  1.94985183e+00 
 8.53950000e-09  1.94996721e+00  8.53950000e-09  1.00331576e+00  8.53950000e-09  1.94972814e+00 
 8.54050000e-09  1.94996733e+00  8.54050000e-09  1.07188041e+00  8.54050000e-09  1.94959932e+00 
 8.54150000e-09  1.94996748e+00  8.54150000e-09  1.13976002e+00  8.54150000e-09  1.94948424e+00 
 8.67250000e-09  1.93016397e+00  8.67250000e-09  1.94998291e+00  8.67250000e-09  1.09613909e+00 
 8.67350000e-09  1.93352485e+00  8.67350000e-09  1.95001092e+00  8.67350000e-09  1.03829985e+00 
 8.67450000e-09  1.93797413e+00  8.67450000e-09  1.95003634e+00  8.67450000e-09  9.80099482e-01 
 8.67550000e-09  1.94327921e+00  8.67550000e-09  1.95005528e+00  8.67550000e-09  9.21329092e-01 
 8.67650000e-09  1.94915303e+00  8.67650000e-09  1.95006710e+00  8.67650000e-09  8.61948810e-01 
 8.67750000e-09  1.95593352e+00  8.67750000e-09  1.95007379e+00  8.67750000e-09  8.01838182e-01 
 8.72550000e-09  1.08785952e+00  8.72550000e-09  1.95003316e+00  8.72550000e-09  4.52221118e-03 
 8.72650000e-09  1.03615186e+00  8.72650000e-09  1.95002577e+00  8.72650000e-09  4.30016453e-03 
 8.72750000e-09  9.84626387e-01  8.72750000e-09  1.95001897e+00  8.72750000e-09  4.11157181e-03 
 8.72850000e-09  9.33264815e-01  8.72850000e-09  1.95001385e+00  8.72850000e-09  3.92506293e-03 
 8.72950000e-09  8.81987482e-01  8.72950000e-09  1.95000885e+00  8.72950000e-09  3.76725206e-03 
 8.73050000e-09  8.30805798e-01  8.73050000e-09  1.95000531e+00  8.73050000e-09  3.60764935e-03 
 9.24650000e-09  3.05250087e-03  9.24650000e-09  1.08897033e+00  9.24650000e-09 -2.28024158e-07 
 9.24750000e-09  3.01716584e-03  9.24750000e-09  1.04459585e+00  9.24750000e-09  8.42894027e-07 
 9.24850000e-09  2.98625828e-03  9.24850000e-09  9.99790367e-01  9.24850000e-09  2.41207125e-06 
 9.24950000e-09  2.95066817e-03  9.24950000e-09  9.54559219e-01  9.24950000e-09  4.05804401e-06 
 9.25050000e-09  2.89493171e-03  9.25050000e-09  9.08920739e-01  9.25050000e-09  5.86609400e-06 
 9.25150000e-09  2.80135825e-03  9.25150000e-09  8.62885585e-01  9.25150000e-09  7.42774317e-06 
 9.30850000e-09  8.61814447e-01  9.30850000e-09  5.20576066e-03  9.30850000e-09  7.49008365e-05 
 9.30950000e-09  9.03631109e-01  9.30950000e-09  5.05061509e-03  9.30950000e-09  1.13724483e-04 
 9.31050000e-09  9.44903963e-01  9.31050000e-09  4.87752695e-03  9.31050000e-09  1.37193867e-04 
 9.31150000e-09  9.85647218e-01  9.31150000e-09  4.77057768e-03  9.31150000e-09  1.68095658e-04 
 9.31250000e-09  1.02589890e+00  9.31250000e-09  4.73918808e-03  9.31250000e-09  1.96119856e-04 
 9.31350000e-09  1.06571946e+00  9.31350000e-09  4.75563557e-03  9.31350000e-09  1.95458919e-04 
 9.65850000e-09  1.94996683e+00  9.65850000e-09  7.88758721e-01  9.65850000e-09 -4.29034618e-05 
 9.65950000e-09  1.94996695e+00  9.65950000e-09  8.59471522e-01  9.65950000e-09 -8.14957791e-05 
 9.66050000e-09  1.94996709e+00  9.66050000e-09  9.29741688e-01  9.66050000e-09 -1.17163808e-04 
 9.66150000e-09  1.94996720e+00  9.66150000e-09  9.99424312e-01  9.66150000e-09 -1.39925967e-04 
 9.66250000e-09  1.94996733e+00  9.66250000e-09  1.06845983e+00  9.66250000e-09 -1.56773306e-04 
 9.66350000e-09  1.94996747e+00  9.66350000e-09  1.13693079e+00  9.66350000e-09 -1.69031074e-04 
 9.77850000e-09  1.94315404e+00  9.77850000e-09  1.94987884e+00  9.77850000e-09  8.53584440e-01 
 9.77950000e-09  1.94254353e+00  9.77950000e-09  1.94988708e+00  9.77950000e-09  9.14839440e-01 
 9.78050000e-09  1.94191508e+00  9.78050000e-09  1.94989357e+00  9.78050000e-09  9.74807852e-01 
 9.78150000e-09  1.94123370e+00  9.78150000e-09  1.94990173e+00  9.78150000e-09  1.03479710e+00 
 9.78250000e-09  1.94045261e+00  9.78250000e-09  1.94990858e+00  9.78250000e-09  1.09848538e+00 
 9.78350000e-09  1.93951135e+00  9.78350000e-09  1.94990748e+00  9.78350000e-09  1.16971468e+00 
 9.84750000e-09  1.09023022e+00  9.84750000e-09  1.94996708e+00  9.84750000e-09  1.94870842e+00 
 9.84850000e-09  1.03851121e+00  9.84850000e-09  1.94996832e+00  9.84850000e-09  1.94879179e+00 
 9.84950000e-09  9.86977781e-01  9.84950000e-09  1.94996986e+00  9.84950000e-09  1.94889024e+00 
 9.85050000e-09  9.35610304e-01  9.85050000e-09  1.94997088e+00  9.85050000e-09  1.94896031e+00 
 9.85150000e-09  8.84329051e-01  9.85150000e-09  1.94997219e+00  9.85150000e-09  1.94904564e+00 
 9.85250000e-09  8.33144107e-01  9.85250000e-09  1.94997302e+00  9.85250000e-09  1.94910446e+00 
 1.03685000e-08  3.05425603e-03  1.03685000e-08  1.09068008e+00  1.03685000e-08  1.94995820e+00 
 1.03695000e-08  3.01873775e-03  1.03695000e-08  1.04632333e+00  1.03695000e-08  1.94996085e+00 
 1.03705000e-08  2.98757320e-03  1.03705000e-08  1.00153556e+00  1.03705000e-08  1.94996780e+00 
 1.03715000e-08  2.95271926e-03  1.03715000e-08  9.56320613e-01  1.03715000e-08  1.94997873e+00 
 1.03725000e-08  2.89804507e-03  1.03725000e-08  9.10697764e-01  1.03725000e-08  1.94999451e+00 
 1.03735000e-08  2.80688373e-03  1.03735000e-08  8.64676338e-01  1.03735000e-08  1.95001910e+00 
 1.04305000e-08  8.59835236e-01  1.04305000e-08  5.92458470e-03  1.04305000e-08  1.94749897e+00 
 1.04315000e-08  9.01677438e-01  1.04315000e-08  5.70559187e-03  1.04315000e-08  1.94781123e+00 
 1.04325000e-08  9.42976523e-01  1.04325000e-08  5.50797914e-03  1.04325000e-08  1.94821869e+00 
 1.04335000e-08  9.83744218e-01  1.04335000e-08  5.39781434e-03  1.04335000e-08  1.94874360e+00 
 1.04345000e-08  1.02401804e+00  1.04345000e-08  5.35029604e-03  1.04345000e-08  1.94935691e+00 
 1.04355000e-08  1.06385701e+00  1.04355000e-08  5.34169881e-03  1.04355000e-08  1.94998401e+00 
 1.07805000e-08  1.94996683e+00  1.07805000e-08  7.86944387e-01  1.07805000e-08  1.95005944e+00 
 1.07815000e-08  1.94996694e+00  1.07815000e-08  8.57653002e-01  1.07815000e-08  1.94996598e+00 
 1.07825000e-08  1.94996709e+00  1.07825000e-08  9.27802638e-01  1.07825000e-08  1.94986193e+00 
 1.07835000e-08  1.94996718e+00  1.07835000e-08  9.97234408e-01  1.07835000e-08  1.94973955e+00 
 1.07845000e-08  1.94996734e+00  1.07845000e-08  1.06587031e+00  1.07845000e-08  1.94961066e+00 
 1.07855000e-08  1.94996745e+00  1.07855000e-08  1.13380202e+00  1.07855000e-08  1.94949548e+00 
 1.09165000e-08  1.92991741e+00  1.09165000e-08  1.94998017e+00  1.09165000e-08  1.10124827e+00 
 1.09175000e-08  1.93317275e+00  1.09175000e-08  1.95000867e+00  1.09175000e-08  1.04344058e+00 
 1.09185000e-08  1.93753307e+00  1.09185000e-08  1.95003418e+00  1.09185000e-08  9.85277581e-01 
 1.09195000e-08  1.94277038e+00  1.09195000e-08  1.95005418e+00  1.09195000e-08  9.26563237e-01 
 1.09205000e-08  1.94860376e+00  1.09205000e-08  1.95006599e+00  1.09205000e-08  8.67239880e-01 
 1.09215000e-08  1.95530129e+00  1.09215000e-08  1.95007363e+00  1.09215000e-08  8.07196497e-01 
 1.09695000e-08  1.09257464e+00  1.09695000e-08  1.95003395e+00  1.09695000e-08  4.54363617e-03 
 1.09705000e-08  1.04084347e+00  1.09705000e-08  1.95002623e+00  1.09705000e-08  4.31780571e-03 
 1.09715000e-08  9.89303057e-01  1.09715000e-08  1.95001954e+00  1.09715000e-08  4.12944393e-03 
 1.09725000e-08  9.37928939e-01  1.09725000e-08  1.95001415e+00  1.09725000e-08  3.93978072e-03 
 1.09735000e-08  8.86644444e-01  1.09735000e-08  1.95000929e+00  1.09735000e-08  3.78244849e-03 
 1.09745000e-08  8.35455403e-01  1.09745000e-08  1.95000550e+00  1.09745000e-08  3.62015116e-03 
 1.14905000e-08  3.05595161e-03  1.14905000e-08  1.09187449e+00  1.14905000e-08 -2.16325497e-07 
 1.14915000e-08  3.02024307e-03  1.14915000e-08  1.04752829e+00  1.14915000e-08  6.86418886e-07 
 1.14925000e-08  2.98881518e-03  1.14925000e-08  1.00275155e+00  1.14925000e-08  2.37621816e-06 
 1.14935000e-08  2.95463551e-03  1.14935000e-08  9.57547373e-01  1.14935000e-08  3.87112463e-06 
 1.14945000e-08  2.90094490e-03  1.14945000e-08  9.11935841e-01  1.14945000e-08  5.82670579e-06 
 1.14955000e-08  2.81205197e-03  1.14955000e-08  8.65925703e-01  1.14955000e-08  7.24931166e-06 
 1.15525000e-08  8.58010968e-01  1.15525000e-08  5.21411294e-03  1.15525000e-08  7.15137639e-05 
 1.15535000e-08  8.99875732e-01  1.15535000e-08  5.06223499e-03  1.15535000e-08  1.11990556e-04 
 1.15545000e-08  9.41198145e-01  1.15545000e-08  4.88733991e-03  1.15545000e-08  1.35450362e-04 
 1.15555000e-08  9.81987438e-01  1.15555000e-08  4.77514023e-03  1.15555000e-08  1.65961246e-04 
 1.15565000e-08  1.02228201e+00  1.15565000e-08  4.73909937e-03  1.15565000e-08  1.94721340e-04 
 1.15575000e-08  1.06213777e+00  1.15575000e-08  4.75437353e-03  1.15575000e-08  1.96979740e-04 
 1.19025000e-08  1.94996683e+00  1.19025000e-08  7.82315419e-01  1.19025000e-08 -3.94510063e-05 
 1.19035000e-08  1.94996692e+00  1.19035000e-08  8.53059534e-01  1.19035000e-08 -7.80616889e-05 
 1.19045000e-08  1.94996709e+00  1.19045000e-08  9.23375647e-01  1.19045000e-08 -1.14257667e-04 
 1.19055000e-08  1.94996717e+00  1.19055000e-08  9.93117173e-01  1.19055000e-08 -1.38263166e-04 
 1.19065000e-08  1.94996734e+00  1.19065000e-08  1.06220391e+00  1.19065000e-08 -1.55602223e-04 
 1.19075000e-08  1.94996744e+00  1.19075000e-08  1.13070459e+00  1.19075000e-08 -1.67118930e-04 
 1.20225000e-08  1.94320232e+00  1.20225000e-08  1.94987804e+00  1.20225000e-08  8.47800830e-01 
 1.20235000e-08  1.94259232e+00  1.20235000e-08  1.94988677e+00  1.20235000e-08  9.09206376e-01 
 1.20245000e-08  1.94196697e+00  1.20245000e-08  1.94989248e+00  1.20245000e-08  9.69261027e-01 
 1.20255000e-08  1.94129141e+00  1.20255000e-08  1.94990157e+00  1.20255000e-08  1.02912863e+00 
 1.20265000e-08  1.94052078e+00  1.20265000e-08  1.94990729e+00  1.20265000e-08  1.09232749e+00 
 1.20275000e-08  1.93959492e+00  1.20275000e-08  1.94990869e+00  1.20275000e-08  1.16286007e+00 
 1.20915000e-08  1.09443451e+00  1.20915000e-08  1.94996709e+00  1.20915000e-08  1.94869344e+00 
 1.20925000e-08  1.04269373e+00  1.20925000e-08  1.94996804e+00  1.20925000e-08  1.94878902e+00 
 1.20935000e-08  9.91147789e-01  1.20935000e-08  1.94996990e+00  1.20935000e-08  1.94887683e+00 
 1.20945000e-08  9.39768450e-01  1.20945000e-08  1.94997062e+00  1.20945000e-08  1.94895856e+00 
 1.20955000e-08  8.88481430e-01  1.20955000e-08  1.94997224e+00  1.20955000e-08  1.94903357e+00 
 1.20965000e-08  8.37289204e-01  1.20965000e-08  1.94997278e+00  1.20965000e-08  1.94910353e+00 
 1.26125000e-08  3.05721152e-03  1.26125000e-08  1.09316887e+00  1.26125000e-08  1.94995814e+00 
 1.26135000e-08  3.02135450e-03  1.26135000e-08  1.04883641e+00  1.26135000e-08  1.94996059e+00 
 1.26145000e-08  2.98972394e-03  1.26145000e-08  1.00407329e+00  1.26145000e-08  1.94996730e+00 
 1.26155000e-08  2.95601901e-03  1.26155000e-08  9.58881533e-01  1.26155000e-08  1.94997798e+00 
 1.26165000e-08  2.90302641e-03  1.26165000e-08  9.13281825e-01  1.26165000e-08  1.94999351e+00 
 1.26175000e-08  2.81577347e-03  1.26175000e-08  8.67281966e-01  1.26175000e-08  1.95001743e+00 
 1.26745000e-08  8.56656060e-01  1.26745000e-08  5.93689171e-03  1.26745000e-08  1.94748357e+00 
 1.26755000e-08  8.98538118e-01  1.26755000e-08  5.71779256e-03  1.26755000e-08  1.94779113e+00 
 1.26765000e-08  9.39878695e-01  1.26765000e-08  5.51732496e-03  1.26765000e-08  1.94819247e+00 
 1.26775000e-08  9.80684721e-01  1.26775000e-08  5.40181961e-03  1.26775000e-08  1.94871085e+00 
 1.26785000e-08  1.02099482e+00  1.26785000e-08  5.35190444e-03  1.26785000e-08  1.94932149e+00 
 1.26795000e-08  1.06086322e+00  1.26795000e-08  5.34210697e-03  1.26795000e-08  1.94994947e+00 
 1.30245000e-08  1.94996684e+00  1.30245000e-08  7.81673461e-01  1.30245000e-08  1.95006552e+00 
 1.30255000e-08  1.94996692e+00  1.30255000e-08  8.52414822e-01  1.30255000e-08  1.94997282e+00 
 1.30265000e-08  1.94996710e+00  1.30265000e-08  9.22611374e-01  1.30265000e-08  1.94987039e+00 
 1.30275000e-08  1.94996716e+00  1.30275000e-08  9.92097318e-01  1.30275000e-08  1.94974923e+00 
 1.30285000e-08  1.94996734e+00  1.30285000e-08  1.06078645e+00  1.30285000e-08  1.94962030e+00 
 1.30295000e-08  1.94996743e+00  1.30295000e-08  1.12875198e+00  1.30295000e-08  1.94950421e+00 
 1.31605000e-08  1.92971643e+00  1.31605000e-08  1.94997781e+00  1.31605000e-08  1.10559332e+00 
 1.31615000e-08  1.93287728e+00  1.31615000e-08  1.95000659e+00  1.31615000e-08  1.04781140e+00 
 1.31625000e-08  1.93715792e+00  1.31625000e-08  1.95003212e+00  1.31625000e-08  9.89679540e-01 
 1.31635000e-08  1.94233815e+00  1.31635000e-08  1.95005323e+00  1.31635000e-08  9.31012133e-01 
 1.31645000e-08  1.94813705e+00  1.31645000e-08  1.95006508e+00  1.31645000e-08  8.71735865e-01 
 1.31655000e-08  1.95476394e+00  1.31655000e-08  1.95007358e+00  1.31655000e-08  8.11748059e-01 
 1.32135000e-08  1.09656731e+00  1.32135000e-08  1.95003472e+00  1.32135000e-08  4.56042866e-03 
 1.32145000e-08  1.04481516e+00  1.32145000e-08  1.95002662e+00  1.32145000e-08  4.33240093e-03 
 1.32155000e-08  9.93262630e-01  1.32155000e-08  1.95002011e+00  1.32155000e-08  4.14335066e-03 
 1.32165000e-08  9.41877052e-01  1.32165000e-08  1.95001440e+00  1.32165000e-08  3.95197465e-03 
 1.32175000e-08  8.90586969e-01  1.32175000e-08  1.95000973e+00  1.32175000e-08  3.79418851e-03 
 1.32185000e-08  8.39390907e-01  1.32185000e-08  1.95000565e+00  1.32185000e-08  3.63053480e-03 
 1.37345000e-08  3.05827827e-03  1.37345000e-08  1.09502839e+00  1.37345000e-08 -2.25229322e-07 
 1.37355000e-08  3.02228754e-03  1.37355000e-08  1.05071297e+00  1.37355000e-08  5.39146139e-07 
 1.37365000e-08  2.99048033e-03  1.37365000e-08  1.00596750e+00  1.37365000e-08  2.31875848e-06 
 1.37375000e-08  2.95716449e-03  1.37375000e-08  9.60792694e-01  1.37375000e-08  3.68921902e-06 
 1.37385000e-08  2.90475182e-03  1.37385000e-08  9.15210512e-01  1.37385000e-08  5.76300078e-06 
 1.37395000e-08  2.81886271e-03  1.37395000e-08  8.69227659e-01  1.37395000e-08  7.07516839e-06 
 1.37965000e-08  8.55508116e-01  1.37965000e-08  5.22287881e-03  1.37965000e-08  6.74840719e-05 
 1.37975000e-08  8.97404453e-01  1.37975000e-08  5.07482423e-03  1.37975000e-08  1.09995667e-04 
 1.37985000e-08  9.38759724e-01  1.37985000e-08  4.89840549e-03  1.37985000e-08  1.33590923e-04 
 1.37995000e-08  9.79579303e-01  1.37995000e-08  4.78051273e-03  1.37995000e-08  1.63658295e-04 
 1.38005000e-08  1.01990255e+00  1.38005000e-08  4.73916625e-03  1.38005000e-08  1.93072962e-04 
 1.38015000e-08  1.05978169e+00  1.38015000e-08  4.75289332e-03  1.38015000e-08  1.98569610e-04 
 1.41465000e-08  1.94996684e+00  1.41465000e-08  7.78085863e-01  1.41465000e-08 -3.62885969e-05 
 1.41475000e-08  1.94996690e+00  1.41475000e-08  8.48848053e-01  1.41475000e-08 -7.55851039e-05 
 1.41485000e-08  1.94996710e+00  1.41485000e-08  9.19192339e-01  1.41485000e-08 -1.12264891e-04 
 1.41495000e-08  1.94996715e+00  1.41495000e-08  9.88972437e-01  1.41495000e-08 -1.37097884e-04 
 1.41505000e-08  1.94996734e+00  1.41505000e-08  1.05809649e+00  1.41505000e-08 -1.54898536e-04 
 1.41515000e-08  1.94996742e+00  1.41515000e-08  1.12662841e+00  1.41515000e-08 -1.66092299e-04 
 1.42665000e-08  1.94324030e+00  1.42665000e-08  1.94987749e+00  1.42665000e-08  8.43997551e-01 
 1.42675000e-08  1.94263049e+00  1.42675000e-08  1.94988657e+00  1.42675000e-08  9.05506234e-01 
 1.42685000e-08  1.94200733e+00  1.42685000e-08  1.94989174e+00  1.42685000e-08  9.65621565e-01 
 1.42695000e-08  1.94133612e+00  1.42695000e-08  1.94990146e+00  1.42695000e-08  1.02543050e+00 
 1.42705000e-08  1.94057337e+00  1.42705000e-08  1.94990638e+00  1.42705000e-08  1.08833353e+00 
 1.42715000e-08  1.93965927e+00  1.42715000e-08  1.94990956e+00  1.42715000e-08  1.15837356e+00 
 1.43355000e-08  1.09773546e+00  1.43355000e-08  1.94996711e+00  1.43355000e-08  1.94868348e+00 
 1.43365000e-08  1.04597714e+00  1.43365000e-08  1.94996784e+00  1.43365000e-08  1.94878709e+00 
 1.43375000e-08  9.94420979e-01  1.43375000e-08  1.94996993e+00  1.43375000e-08  1.94886792e+00 
 1.43385000e-08  9.43032033e-01  1.43385000e-08  1.94997044e+00  1.43385000e-08  1.94895730e+00 
 1.43395000e-08  8.91740274e-01  1.43395000e-08  1.94997228e+00  1.43395000e-08  1.94902556e+00 
 1.43405000e-08  8.40542167e-01  1.43405000e-08  1.94997262e+00  1.43405000e-08  1.94910283e+00 
 1.48565000e-08  3.06000027e-03  1.48565000e-08  1.09581276e+00  1.48565000e-08  1.94995810e+00 
 1.48575000e-08  3.02375147e-03  1.48575000e-08  1.05150615e+00  1.48575000e-08  1.94996032e+00 
 1.48585000e-08  2.99168997e-03  1.48585000e-08  1.00676928e+00  1.48585000e-08  1.94996680e+00 
 1.48595000e-08  2.95893024e-03  1.48595000e-08  9.61602206e-01  1.48595000e-08  1.94997720e+00 
 1.48605000e-08  2.90743730e-03  1.48605000e-08  9.16027164e-01  1.48605000e-08  1.94999247e+00 
 1.48615000e-08  2.82362784e-03  1.48615000e-08  8.70050238e-01  1.48615000e-08  1.95001568e+00 
 1.49185000e-08  8.53704057e-01  1.49185000e-08  5.94980200e-03  1.49185000e-08  1.94746755e+00 
 1.49195000e-08  8.95623751e-01  1.49195000e-08  5.73088603e-03  1.49195000e-08  1.94777044e+00 
 1.49205000e-08  9.37002244e-01  1.49205000e-08  5.52748605e-03  1.49205000e-08  1.94816478e+00 
 1.49215000e-08  9.77844114e-01  1.49215000e-08  5.40627750e-03  1.49215000e-08  1.94867553e+00 
 1.49225000e-08  1.01818768e+00  1.49225000e-08  5.35380475e-03  1.49225000e-08  1.94928346e+00 
 1.49235000e-08  1.05808422e+00  1.49235000e-08  5.34265592e-03  1.49235000e-08  1.94991244e+00 
 1.52685000e-08  1.94996684e+00  1.52685000e-08  7.76704585e-01  1.52685000e-08  1.95007103e+00 
 1.52695000e-08  1.94996689e+00  1.52695000e-08  8.47475700e-01  1.52695000e-08  1.94997913e+00 
 1.52705000e-08  1.94996710e+00  1.52705000e-08  9.17715905e-01  1.52705000e-08  1.94987832e+00 
 1.52715000e-08  1.94996714e+00  1.52715000e-08  9.87256608e-01  1.52715000e-08  1.94975828e+00 
 1.52725000e-08  1.94996735e+00  1.52725000e-08  1.05600007e+00  1.52725000e-08  1.94962933e+00 
 1.52735000e-08  1.94996740e+00  1.52735000e-08  1.12401112e+00  1.52735000e-08  1.94951230e+00 
 1.54045000e-08  1.92954839e+00  1.54045000e-08  1.94997559e+00  1.54045000e-08  1.10963361e+00 
 1.54055000e-08  1.93262938e+00  1.54055000e-08  1.95000477e+00  1.54055000e-08  1.05187446e+00 
 1.54065000e-08  1.93684169e+00  1.54065000e-08  1.95003026e+00  1.54065000e-08  9.93770334e-01 
 1.54075000e-08  1.94197043e+00  1.54075000e-08  1.95005237e+00  1.54075000e-08  9.35145569e-01 
 1.54085000e-08  1.94773753e+00  1.54085000e-08  1.95006416e+00  1.54085000e-08  8.75912772e-01 
 1.54095000e-08  1.95430208e+00  1.54095000e-08  1.95007351e+00  1.54095000e-08  8.15976792e-01 
 1.54575000e-08  1.10002360e+00  1.54575000e-08  1.95003549e+00  1.54575000e-08  4.57544549e-03 
 1.54585000e-08  1.04825306e+00  1.54585000e-08  1.95002695e+00  1.54585000e-08  4.34849293e-03 
 1.54595000e-08  9.96689796e-01  1.54595000e-08  1.95002070e+00  1.54595000e-08  4.15557185e-03 
 1.54605000e-08  9.45294170e-01  1.54605000e-08  1.95001459e+00  1.54605000e-08  3.96565997e-03 
 1.54615000e-08  8.93999166e-01  1.54615000e-08  1.95001019e+00  1.54615000e-08  3.80432110e-03 
 1.54625000e-08  8.42797008e-01  1.54625000e-08  1.95000575e+00  1.54625000e-08  3.64239222e-03 
 1.59785000e-08  3.06086482e-03  1.59785000e-08  1.09782399e+00  1.59785000e-08 -2.25097825e-07 
 1.59795000e-08  3.02447969e-03  1.59795000e-08  1.05353589e+00  1.59795000e-08  4.03790631e-07 
 1.59805000e-08  2.99228983e-03  1.59805000e-08  1.00881821e+00  1.59805000e-08  2.27312812e-06 
 1.59815000e-08  2.95979253e-03  1.59815000e-08  9.63669497e-01  1.59815000e-08  3.52278941e-06 
 1.59825000e-08  2.90874828e-03  1.59825000e-08  9.18113420e-01  1.59825000e-08  5.71114357e-06 
 1.59835000e-08  2.82595263e-03  1.59835000e-08  8.72154806e-01  1.59835000e-08  6.91688871e-06 
 1.60405000e-08  8.52609997e-01  1.60405000e-08  5.23043508e-03  1.60405000e-08  6.46610035e-05 
 1.60415000e-08  8.94543721e-01  1.60415000e-08  5.08554745e-03  1.60415000e-08  1.08347342e-04 
 1.60425000e-08  9.35936246e-01  1.60425000e-08  4.90862938e-03  1.60425000e-08  1.32241551e-04 
 1.60435000e-08  9.76791684e-01  1.60435000e-08  4.78552849e-03  1.60435000e-08  1.61746645e-04 
 1.60445000e-08  1.01714758e+00  1.60445000e-08  4.73980591e-03  1.60445000e-08  1.91763303e-04 
 1.60455000e-08  1.05705477e+00  1.60455000e-08  4.75158453e-03  1.60455000e-08  2.00022205e-04 
 1.63905000e-08  1.94996684e+00  1.63905000e-08  7.73187710e-01  1.63905000e-08 -3.39437141e-05 
 1.63915000e-08  1.94996688e+00  1.63915000e-08  8.43971644e-01  1.63915000e-08 -7.29903679e-05 
 1.63925000e-08  1.94996710e+00  1.63925000e-08  9.14349437e-01  1.63925000e-08 -1.09967131e-04 
 1.63935000e-08  1.94996713e+00  1.63935000e-08  9.84169956e-01  1.63935000e-08 -1.35678691e-04 
 1.63945000e-08  1.94996735e+00  1.63945000e-08  1.05333926e+00  1.63945000e-08 -1.53795441e-04 
 1.63955000e-08  1.94996739e+00  1.63955000e-08  1.12191284e+00  1.63955000e-08 -1.65280155e-04 
 1.65105000e-08  1.94328226e+00  1.65105000e-08  1.94987722e+00  1.65105000e-08  8.39718221e-01 
 1.65115000e-08  1.94267255e+00  1.65115000e-08  1.94988603e+00  1.65115000e-08  9.01345771e-01 
 1.65125000e-08  1.94205160e+00  1.65125000e-08  1.94989124e+00  1.65125000e-08  9.61533565e-01 
 1.65135000e-08  1.94138493e+00  1.65135000e-08  1.94990100e+00  1.65135000e-08  1.02129329e+00 
 1.65145000e-08  1.94063051e+00  1.65145000e-08  1.94990564e+00  1.65145000e-08  1.08388622e+00 
 1.65155000e-08  1.93972897e+00  1.65155000e-08  1.94991027e+00  1.65155000e-08  1.15334640e+00 
 1.65795000e-08  1.10134943e+00  1.65795000e-08  1.94996700e+00  1.65795000e-08  1.94867245e+00 
 1.65805000e-08  1.04957175e+00  1.65805000e-08  1.94996774e+00  1.65805000e-08  1.94878521e+00 
 1.65815000e-08  9.98004266e-01  1.65815000e-08  1.94996984e+00  1.65815000e-08  1.94885803e+00 
 1.65825000e-08  9.46604740e-01  1.65825000e-08  1.94997036e+00  1.65825000e-08  1.94895614e+00 
 1.65835000e-08  8.95307787e-01  1.65835000e-08  1.94997221e+00  1.65835000e-08  1.94901667e+00 
 1.65845000e-08  8.44103278e-01  1.65845000e-08  1.94997255e+00  1.65845000e-08  1.94910227e+00 
 1.71005000e-08  3.06279341e-03  1.71005000e-08  1.09896255e+00  1.71005000e-08  1.94995805e+00 
 1.71015000e-08  3.02609528e-03  1.71015000e-08  1.05468677e+00  1.71015000e-08  1.94996003e+00 
 1.71025000e-08  2.99360400e-03  1.71025000e-08  1.00998126e+00  1.71025000e-08  1.94996621e+00 
 1.71035000e-08  2.96166580e-03  1.71035000e-08  9.64843654e-01  1.71035000e-08  1.94997630e+00 
 1.71045000e-08  2.91158458e-03  1.71045000e-08  9.19298100e-01  1.71045000e-08  1.94999125e+00 
 1.71055000e-08  2.83099910e-03  1.71055000e-08  8.73348583e-01  1.71055000e-08  1.95001363e+00 
 1.71635000e-08  8.92603219e-01  1.71635000e-08  5.74643462e-03  1.71635000e-08  1.94774625e+00 
 1.71645000e-08  9.34020991e-01  1.71645000e-08  5.54008176e-03  1.71645000e-08  1.94813316e+00 
 1.71655000e-08  9.74900857e-01  1.71655000e-08  5.41182539e-03  1.71655000e-08  1.94863509e+00 
 1.71665000e-08  1.01527902e+00  1.71665000e-08  5.35606792e-03  1.71665000e-08  1.94923856e+00 
 1.71675000e-08  1.05520547e+00  1.71675000e-08  5.34287854e-03  1.71675000e-08  1.94986798e+00 
 1.71685000e-08  1.09476910e+00  1.71685000e-08  5.32461024e-03  1.71685000e-08  1.95060436e+00 
 1.75125000e-08  1.94996685e+00  1.75125000e-08  7.71840784e-01  1.75125000e-08  1.95007612e+00 
 1.75135000e-08  1.94996687e+00  1.75135000e-08  8.42637948e-01  1.75135000e-08  1.94998040e+00 
 1.75145000e-08  1.94996710e+00  1.75145000e-08  9.12919075e-01  1.75145000e-08  1.94987739e+00 
 1.75155000e-08  1.94996711e+00  1.75155000e-08  9.82517197e-01  1.75155000e-08  1.94976013e+00 
 1.75165000e-08  1.94996735e+00  1.75165000e-08  1.05132338e+00  1.75165000e-08  1.94963241e+00 
 1.75175000e-08  1.94996738e+00  1.75175000e-08  1.11938575e+00  1.75175000e-08  1.94951555e+00 
 1.76485000e-08  1.92936793e+00  1.76485000e-08  1.94997354e+00  1.76485000e-08  1.11338054e+00 
 1.76495000e-08  1.93236003e+00  1.76495000e-08  1.95000327e+00  1.76495000e-08  1.05564147e+00 
 1.76505000e-08  1.93649326e+00  1.76505000e-08  1.95002855e+00  1.76505000e-08  9.97562168e-01 
 1.76515000e-08  1.94156173e+00  1.76515000e-08  1.95005158e+00  1.76515000e-08  9.38976725e-01 
 1.76525000e-08  1.94729084e+00  1.76525000e-08  1.95006323e+00  1.76525000e-08  8.79784460e-01 
 1.76535000e-08  1.95378363e+00  1.76535000e-08  1.95007342e+00  1.76535000e-08  8.19897254e-01 
 1.77015000e-08  1.10390157e+00  1.77015000e-08  1.95003613e+00  1.77015000e-08  4.58950035e-03 
 1.77025000e-08  1.05211003e+00  1.77025000e-08  1.95002723e+00  1.77025000e-08  4.36349908e-03 
 1.77035000e-08  1.00053442e+00  1.77035000e-08  1.95002119e+00  1.77035000e-08  4.16699044e-03 
 1.77045000e-08  9.49127303e-01  1.77045000e-08  1.95001475e+00  1.77045000e-08  3.97838815e-03 
 1.77055000e-08  8.97826648e-01  1.77055000e-08  1.95001056e+00  1.77055000e-08  3.81375999e-03 
 1.77065000e-08  8.46617574e-01  1.77065000e-08  1.95000581e+00  1.77065000e-08  3.65340003e-03 
 1.82225000e-08  3.06402057e-03  1.82225000e-08  1.10117137e+00  1.82225000e-08 -2.51753313e-07 
 1.82235000e-08  3.02711915e-03  1.82235000e-08  1.05691607e+00  1.82235000e-08  2.69139716e-07 
 1.82245000e-08  2.99443153e-03  1.82245000e-08  1.01223173e+00  1.82245000e-08  2.19563878e-06 
 1.82255000e-08  2.96282837e-03  1.82255000e-08  9.67114352e-01  1.82255000e-08  3.34830332e-06 
 1.82265000e-08  2.91333419e-03  1.82265000e-08  9.21589631e-01  1.82265000e-08  5.62421443e-06 
 1.82275000e-08  2.83411185e-03  1.82275000e-08  8.75660148e-01  1.82275000e-08  6.75201571e-06 
 1.82855000e-08  8.91388652e-01  1.82855000e-08  5.09820290e-03  1.82855000e-08  1.05692108e-04 
 1.82865000e-08  9.32822227e-01  1.82865000e-08  4.92132203e-03  1.82865000e-08  1.30395818e-04 
 1.82875000e-08  9.73717418e-01  1.82875000e-08  4.79175551e-03  1.82875000e-08  1.59107646e-04 
 1.82885000e-08  1.01410956e+00  1.82885000e-08  4.74087883e-03  1.82885000e-08  1.89824960e-04 
 1.82895000e-08  1.05404817e+00  1.82895000e-08  4.74970502e-03  1.82895000e-08  2.01068404e-04 
 1.82905000e-08  1.09362083e+00  1.82905000e-08  4.76702701e-03  1.82905000e-08  1.78119893e-04 
 1.86345000e-08  1.94996685e+00  1.86345000e-08  7.68082656e-01  1.86345000e-08 -3.15268869e-05 
 1.86355000e-08  1.94996686e+00  1.86355000e-08  8.38887726e-01  1.86355000e-08 -7.02824752e-05 
 1.86365000e-08  1.94996710e+00  1.86365000e-08  9.09300130e-01  1.86365000e-08 -1.07488441e-04 
 1.86375000e-08  1.94996710e+00  1.86375000e-08  9.79166225e-01  1.86375000e-08 -1.34264520e-04 
 1.86385000e-08  1.94996735e+00  1.86385000e-08  1.04838158e+00  1.86385000e-08 -1.52574878e-04 
 1.86395000e-08  1.94996736e+00  1.86395000e-08  1.11699463e+00  1.86395000e-08 -1.64369522e-04 
 1.87545000e-08  1.94332619e+00  1.87545000e-08  1.94987696e+00  1.87545000e-08  8.35211261e-01 
 1.87555000e-08  1.94271680e+00  1.87555000e-08  1.94988545e+00  1.87555000e-08  8.96965433e-01 
 1.87565000e-08  1.94209821e+00  1.87565000e-08  1.94989072e+00  1.87565000e-08  9.57233076e-01 
 1.87575000e-08  1.94143626e+00  1.87575000e-08  1.94990050e+00  1.87575000e-08  1.01695676e+00 
 1.87585000e-08  1.94069043e+00  1.87585000e-08  1.94990486e+00  1.87585000e-08  1.07923497e+00 
 1.87595000e-08  1.93980190e+00  1.87595000e-08  1.94991105e+00  1.87595000e-08  1.14804604e+00 
 1.88235000e-08  1.10518707e+00  1.88235000e-08  1.94996689e+00  1.88235000e-08  1.94866062e+00 
 1.88245000e-08  1.05338848e+00  1.88245000e-08  1.94996764e+00  1.88245000e-08  1.94878322e+00 
 1.88255000e-08  1.00180864e+00  1.88255000e-08  1.94996975e+00  1.88255000e-08  1.94884744e+00 
 1.88265000e-08  9.50397654e-01  1.88265000e-08  1.94997027e+00  1.88265000e-08  1.94895493e+00 
 1.88275000e-08  8.99095045e-01  1.88275000e-08  1.94997213e+00  1.88275000e-08  1.94900714e+00 
 1.88285000e-08  8.47883652e-01  1.88285000e-08  1.94997247e+00  1.88285000e-08  1.94910170e+00 
 1.93445000e-08  3.06572438e-03  1.93445000e-08  1.10209810e+00  1.93445000e-08  1.94995802e+00 
 1.93455000e-08  3.02853416e-03  1.93455000e-08  1.05785308e+00  1.93455000e-08  1.94995976e+00 
 1.93465000e-08  2.99556572e-03  1.93465000e-08  1.01317884e+00  1.93465000e-08  1.94996565e+00 
 1.93475000e-08  2.96440260e-03  1.93475000e-08  9.68070656e-01  1.93475000e-08  1.94997542e+00 
 1.93485000e-08  2.91569113e-03  1.93485000e-08  9.22554540e-01  1.93485000e-08  1.94999005e+00 
 1.93495000e-08  2.83830790e-03  1.93495000e-08  8.76632405e-01  1.93495000e-08  1.95001161e+00 
 1.94075000e-08  8.89735090e-01  1.94075000e-08  5.76208835e-03  1.94075000e-08  1.94772322e+00 
 1.94085000e-08  9.31190175e-01  1.94085000e-08  5.55313023e-03  1.94085000e-08  1.94810248e+00 
 1.94095000e-08  9.72106270e-01  1.94095000e-08  5.41781289e-03  1.94095000e-08  1.94859599e+00 
 1.94105000e-08  1.01251752e+00  1.94105000e-08  5.35862090e-03  1.94105000e-08  1.94919420e+00 
 1.94115000e-08  1.05247277e+00  1.94115000e-08  5.34314408e-03  1.94115000e-08  1.94982415e+00 
 1.94125000e-08  1.09205788e+00  1.94125000e-08  5.32688925e-03  1.94125000e-08  1.95055247e+00 
 1.97565000e-08  1.94996684e+00  1.97565000e-08  7.66822704e-01  1.97565000e-08  1.95008124e+00 
 1.97575000e-08  1.94996685e+00  1.97575000e-08  8.37646430e-01  1.97575000e-08  1.94998861e+00 
 1.97585000e-08  1.94996710e+00  1.97585000e-08  9.07969600e-01  1.97585000e-08  1.94988894e+00 
 1.97595000e-08  1.94996710e+00  1.97595000e-08  9.77621662e-01  1.97595000e-08  1.94977219e+00 
 1.97605000e-08  1.94996734e+00  1.97605000e-08  1.04647729e+00  1.97605000e-08  1.94964380e+00 
 1.97615000e-08  1.94996736e+00  1.97615000e-08  1.11458265e+00  1.97615000e-08  1.94952571e+00 
 1.98925000e-08  1.92919266e+00  1.98925000e-08  1.94997144e+00  1.98925000e-08  1.11751292e+00 
 1.98935000e-08  1.93209344e+00  1.98935000e-08  1.95000091e+00  1.98935000e-08  1.05979592e+00 
 1.98945000e-08  1.93614714e+00  1.98945000e-08  1.95002641e+00  1.98945000e-08  1.00174395e+00 
 1.98955000e-08  1.94115601e+00  1.98955000e-08  1.95005008e+00  1.98955000e-08  9.43201682e-01 
 1.98965000e-08  1.94684705e+00  1.98965000e-08  1.95006222e+00  1.98965000e-08  8.84053674e-01 
 1.98975000e-08  1.95326634e+00  1.98975000e-08  1.95007283e+00  1.98975000e-08  8.24219922e-01 
 1.99455000e-08  1.10779846e+00  1.99455000e-08  1.95003700e+00  1.99455000e-08  4.60479923e-03 
 1.99465000e-08  1.05598560e+00  1.99465000e-08  1.95002789e+00  1.99465000e-08  4.38013494e-03 
 1.99475000e-08  1.00439737e+00  1.99475000e-08  1.95002181e+00  1.99475000e-08  4.17936811e-03 
 1.99485000e-08  9.52978576e-01  1.99485000e-08  1.95001521e+00  1.99485000e-08  3.99251083e-03 
 1.99495000e-08  9.01672204e-01  1.99495000e-08  1.95001103e+00  1.99495000e-08  3.82395799e-03 
 1.99505000e-08  8.50456187e-01  1.99505000e-08  1.95000614e+00  1.99505000e-08  3.66562132e-03 
 2.04665000e-08  3.06667503e-03  2.04665000e-08  1.10474161e+00  2.04665000e-08 -2.92625670e-07 
 2.04675000e-08  3.02931978e-03  2.04675000e-08  1.06052135e+00  2.04675000e-08  1.39086109e-07 
 2.04685000e-08  2.99619162e-03  2.04685000e-08  1.01587265e+00  2.04685000e-08  2.10164078e-06 
 2.04695000e-08  2.96526104e-03  2.04695000e-08  9.70788803e-01  2.04695000e-08  3.17372769e-06 
 2.04705000e-08  2.91697142e-03  2.04705000e-08  9.25297637e-01  2.04705000e-08  5.51848204e-06 
 2.04715000e-08  2.84058809e-03  2.04715000e-08  8.79399344e-01  2.04715000e-08  6.58754956e-06 
 2.05295000e-08  8.88812495e-01  2.05295000e-08  5.11152123e-03  2.05295000e-08  1.02881192e-04 
 2.05305000e-08  9.30279586e-01  2.05305000e-08  4.93527509e-03  2.05305000e-08  1.28572989e-04 
 2.05315000e-08  9.71207370e-01  2.05315000e-08  4.79907926e-03  2.05315000e-08  1.56422773e-04 
 2.05325000e-08  1.01162931e+00  2.05325000e-08  4.74248033e-03  2.05325000e-08  1.87753446e-04 
 2.05335000e-08  1.05159391e+00  2.05335000e-08  4.74786894e-03  2.05335000e-08  2.02247058e-04 
 2.05345000e-08  1.09118603e+00  2.05345000e-08  4.76610317e-03  2.05345000e-08  1.79380828e-04 
 2.08795000e-08  1.94996684e+00  2.08795000e-08  8.34366598e-01  2.08795000e-08 -6.89098242e-05 
 2.08805000e-08  1.94996710e+00  2.08805000e-08  9.04808539e-01  2.08805000e-08 -1.06225067e-04 
 2.08815000e-08  1.94996709e+00  2.08815000e-08  9.74714360e-01  2.08815000e-08 -1.32344121e-04 
 2.08825000e-08  1.94996734e+00  2.08825000e-08  1.04397041e+00  2.08825000e-08 -1.50759357e-04 
 2.08835000e-08  1.94996735e+00  2.08835000e-08  1.11261905e+00  2.08835000e-08 -1.62947239e-04 
 2.08845000e-08  1.94996761e+00  2.08845000e-08  1.18081727e+00  2.08845000e-08 -1.83482023e-04 
 2.09985000e-08  1.94336630e+00  2.09985000e-08  1.94987673e+00  2.09985000e-08  8.31184756e-01 
 2.09995000e-08  1.94275634e+00  2.09995000e-08  1.94988494e+00  2.09995000e-08  8.93054147e-01 
 2.10005000e-08  1.94213922e+00  2.10005000e-08  1.94989026e+00  2.10005000e-08  9.53397115e-01 
 2.10015000e-08  1.94148096e+00  2.10015000e-08  1.94990003e+00  2.10015000e-08  1.01310156e+00 
 2.10025000e-08  1.94074223e+00  2.10025000e-08  1.94990410e+00  2.10025000e-08  1.07513194e+00 
 2.10035000e-08  1.93986471e+00  2.10035000e-08  1.94991171e+00  2.10035000e-08  1.14337809e+00 
 2.10675000e-08  1.10854740e+00  2.10675000e-08  1.94996679e+00  2.10675000e-08  1.94864999e+00 
 2.10685000e-08  1.05673035e+00  2.10685000e-08  1.94996755e+00  2.10685000e-08  1.94878135e+00 
 2.10695000e-08  1.00513957e+00  2.10695000e-08  1.94996967e+00  2.10695000e-08  1.94883792e+00 
 2.10705000e-08  9.53718472e-01  2.10705000e-08  1.94997019e+00  2.10705000e-08  1.94895376e+00 
 2.10715000e-08  9.02410915e-01  2.10715000e-08  1.94997206e+00  2.10715000e-08  1.94899858e+00 
 2.10725000e-08  8.51193525e-01  2.10725000e-08  1.94997241e+00  2.10725000e-08  1.94910111e+00 
 2.15885000e-08  3.06847936e-03  2.15885000e-08  1.10521080e+00  2.15885000e-08  1.94995801e+00 
 2.15895000e-08  3.03080457e-03  2.15895000e-08  1.06099636e+00  2.15895000e-08  1.94995950e+00 
 2.15905000e-08  2.99736425e-03  2.15905000e-08  1.01635322e+00  2.15905000e-08  1.94996511e+00 
 2.15915000e-08  2.96685218e-03  2.15915000e-08  9.71274328e-01  2.15915000e-08  1.94997457e+00 
 2.15925000e-08  2.91933237e-03  2.15925000e-08  9.25787521e-01  2.15925000e-08  1.94998888e+00 
 2.15935000e-08  2.84479922e-03  2.15935000e-08  8.79892666e-01  2.15935000e-08  1.95000964e+00 
 2.16515000e-08  8.87063106e-01  2.16515000e-08  5.77771855e-03  2.16515000e-08  1.94770073e+00 
 2.16525000e-08  9.28552946e-01  2.16525000e-08  5.56646337e-03  2.16525000e-08  1.94807247e+00 
 2.16535000e-08  9.69502917e-01  2.16535000e-08  5.42414813e-03  2.16535000e-08  1.94855747e+00 
 2.16545000e-08  1.00994519e+00  2.16545000e-08  5.36130269e-03  2.16545000e-08  1.94915002e+00 
 2.16555000e-08  1.04992759e+00  2.16555000e-08  5.34335588e-03  2.16555000e-08  1.94978012e+00 
 2.16565000e-08  1.08953315e+00  2.16565000e-08  5.32897049e-03  2.16565000e-08  1.95050000e+00 
 2.20015000e-08  1.94996684e+00  2.20015000e-08  8.32845261e-01  2.20015000e-08  1.94999629e+00 
 2.20025000e-08  1.94996710e+00  2.20025000e-08  9.03208178e-01  2.20025000e-08  1.94989981e+00 
 2.20035000e-08  1.94996709e+00  2.20035000e-08  9.72911839e-01  2.20035000e-08  1.94978361e+00 
 2.20045000e-08  1.94996734e+00  2.20045000e-08  1.04182061e+00  2.20045000e-08  1.94965493e+00 
 2.20055000e-08  1.94996735e+00  2.20055000e-08  1.10997368e+00  2.20055000e-08  1.94953520e+00 
 2.20065000e-08  1.94996761e+00  2.20065000e-08  1.17757638e+00  2.20065000e-08  1.94941126e+00 
 2.21365000e-08  1.92903292e+00  2.21365000e-08  1.94996950e+00  2.21365000e-08  1.12154063e+00 
 2.21375000e-08  1.93184684e+00  2.21375000e-08  1.94999899e+00  2.21375000e-08  1.06384374e+00 
 2.21385000e-08  1.93582421e+00  2.21385000e-08  1.95002492e+00  2.21385000e-08  1.00581729e+00 
 2.21395000e-08  1.94077369e+00  2.21395000e-08  1.95004887e+00  2.21395000e-08  9.47315885e-01 
 2.21405000e-08  1.94642616e+00  2.21405000e-08  1.95006162e+00  2.21405000e-08  8.88210347e-01 
 2.21415000e-08  1.95277531e+00  2.21415000e-08  1.95007243e+00  2.21415000e-08  8.28428039e-01 
 2.21895000e-08  1.11149515e+00  2.21895000e-08  1.95003764e+00  2.21895000e-08  4.61942206e-03 
 2.21905000e-08  1.05966156e+00  2.21905000e-08  1.95002843e+00  2.21905000e-08  4.39704464e-03 
 2.21915000e-08  1.00806089e+00  2.21915000e-08  1.95002227e+00  2.21915000e-08  4.19110937e-03 
 2.21925000e-08  9.56630655e-01  2.21925000e-08  1.95001559e+00  2.21925000e-08  4.00693433e-03 
 2.21935000e-08  9.05318606e-01  2.21935000e-08  1.95001136e+00  2.21935000e-08  3.83355237e-03 
 2.21945000e-08  8.54095800e-01  2.21945000e-08  1.95000641e+00  2.21945000e-08  3.67816008e-03 
 2.27105000e-08  3.06992224e-03  2.27105000e-08  1.10778339e+00  2.27105000e-08 -3.26662821e-07 
 2.27115000e-08  3.03198674e-03  2.27115000e-08  1.06359366e+00  2.27115000e-08  3.12332900e-08 
 2.27125000e-08  2.99829299e-03  2.27125000e-08  1.01897487e+00  2.27125000e-08  2.02119051e-06 
 2.27135000e-08  2.96809317e-03  2.27135000e-08  9.73920229e-01  2.27135000e-08  3.02681295e-06 
 2.27145000e-08  2.92116262e-03  2.27145000e-08  9.28457271e-01  2.27145000e-08  5.42679601e-06 
 2.27155000e-08  2.84806080e-03  2.27155000e-08  8.82586160e-01  2.27155000e-08  6.44914430e-06 
 2.27735000e-08  8.85675941e-01  2.27735000e-08  5.12263501e-03  2.27735000e-08  1.00447177e-04 
 2.27745000e-08  9.27183804e-01  2.27745000e-08  4.94734655e-03  2.27745000e-08  1.27053434e-04 
 2.27755000e-08  9.68150914e-01  2.27755000e-08  4.80575940e-03  2.27755000e-08  1.53999362e-04 
 2.27765000e-08  1.00860887e+00  2.27765000e-08  4.74424773e-03  2.27765000e-08  1.85783799e-04 
 2.27775000e-08  1.04860543e+00  2.27775000e-08  4.74671942e-03  2.27775000e-08  2.03230873e-04 
 2.27785000e-08  1.08822175e+00  2.27785000e-08  4.76556713e-03  2.27785000e-08  1.80587194e-04 
 2.31235000e-08  1.94996683e+00  2.31235000e-08  8.28779577e-01  2.31235000e-08 -6.56725487e-05 
 2.31245000e-08  1.94996709e+00  2.31245000e-08  8.99257021e-01  2.31245000e-08 -1.03164231e-04 
 2.31255000e-08  1.94996708e+00  2.31255000e-08  9.69211961e-01  2.31255000e-08 -1.30825190e-04 
 2.31265000e-08  1.94996733e+00  2.31265000e-08  1.03851825e+00  2.31265000e-08 -1.49558071e-04 
 2.31275000e-08  1.94996734e+00  2.31275000e-08  1.10722180e+00  2.31275000e-08 -1.62241011e-04 
 2.31285000e-08  1.94996760e+00  2.31285000e-08  1.17545137e+00  2.31285000e-08 -1.81931786e-04 
 2.32425000e-08  1.94341676e+00  2.32425000e-08  1.94987635e+00  2.32425000e-08  8.26227059e-01 
 2.32435000e-08  1.94280640e+00  2.32435000e-08  1.94988423e+00  2.32435000e-08  8.88240416e-01 
 2.32445000e-08  1.94219126e+00  2.32445000e-08  1.94988962e+00  2.32445000e-08  9.48680587e-01 
 2.32455000e-08  1.94153767e+00  2.32455000e-08  1.94989938e+00  2.32455000e-08  1.00837594e+00 
 2.32465000e-08  1.94080785e+00  2.32465000e-08  1.94990310e+00  2.32465000e-08  1.07011729e+00 
 2.32475000e-08  1.93994415e+00  2.32475000e-08  1.94991247e+00  2.32475000e-08  1.13766104e+00 
 2.33115000e-08  1.11288805e+00  2.33115000e-08  1.94996665e+00  2.33115000e-08  1.94863675e+00 
 2.33125000e-08  1.06104653e+00  2.33125000e-08  1.94996745e+00  2.33125000e-08  1.94877879e+00 
 2.33135000e-08  1.00944103e+00  2.33135000e-08  1.94996955e+00  2.33135000e-08  1.94882608e+00 
 2.33145000e-08  9.58006411e-01  2.33145000e-08  1.94997011e+00  2.33145000e-08  1.94895210e+00 
 2.33155000e-08  9.06692126e-01  2.33155000e-08  1.94997196e+00  2.33155000e-08  1.94898794e+00 
 2.33165000e-08  8.55466737e-01  2.33165000e-08  1.94997235e+00  2.33165000e-08  1.94910019e+00 
 2.38335000e-08  3.03401913e-03  2.38335000e-08  1.06467349e+00  2.38335000e-08  1.94995923e+00 
 2.38345000e-08  2.99987386e-03  2.38345000e-08  1.02006588e+00  2.38345000e-08  1.94996451e+00 
 2.38355000e-08  2.97017290e-03  2.38355000e-08  9.75022334e-01  2.38355000e-08  1.94997360e+00 
 2.38365000e-08  2.92420146e-03  2.38365000e-08  9.29569088e-01  2.38365000e-08  1.94998755e+00 
 2.38375000e-08  2.85347976e-03  2.38375000e-08  8.83707151e-01  2.38375000e-08  1.95000736e+00 
 2.38385000e-08  2.72955320e-03  2.38385000e-08  8.37464943e-01  2.38385000e-08  1.95003722e+00 
 2.38955000e-08  8.83328293e-01  2.38955000e-08  5.79608469e-03  2.38955000e-08  1.94767552e+00 
 2.38965000e-08  9.24866653e-01  2.38965000e-08  5.58248749e-03  2.38965000e-08  1.94803854e+00 
 2.38975000e-08  9.65864104e-01  2.38975000e-08  5.43214840e-03  2.38975000e-08  1.94851349e+00 
 2.38985000e-08  1.00635001e+00  2.38985000e-08  5.36471677e-03  2.38985000e-08  1.94909886e+00 
 2.38995000e-08  1.04637082e+00  2.38995000e-08  5.34368808e-03  2.38995000e-08  1.94972866e+00 
 2.39005000e-08  1.08600568e+00  2.39005000e-08  5.33125171e-03  2.39005000e-08  1.95043812e+00 
 2.42455000e-08  1.94996683e+00  2.42455000e-08  8.26558094e-01  2.42455000e-08  1.95000598e+00 
 2.42465000e-08  1.94996709e+00  2.42465000e-08  8.96971605e-01  2.42465000e-08  1.94991080e+00 
 2.42475000e-08  1.94996707e+00  2.42475000e-08  9.66742012e-01  2.42475000e-08  1.94979583e+00 
 2.42485000e-08  1.94996733e+00  2.42485000e-08  1.03572038e+00  2.42485000e-08  1.94966749e+00 
 2.42495000e-08  1.94996733e+00  2.42495000e-08  1.10393709e+00  2.42495000e-08  1.94954547e+00 
 2.42505000e-08  1.94996760e+00  2.42505000e-08  1.17156918e+00  2.42505000e-08  1.94942398e+00 
 2.43805000e-08  1.92883353e+00  2.43805000e-08  1.94996695e+00  2.43805000e-08  1.12669166e+00 
 2.43815000e-08  1.93153315e+00  2.43815000e-08  1.94999666e+00  2.43815000e-08  1.06901975e+00 
 2.43825000e-08  1.93540908e+00  2.43825000e-08  1.95002291e+00  2.43825000e-08  1.01102536e+00 
 2.43835000e-08  1.94027686e+00  2.43835000e-08  1.95004721e+00  2.43835000e-08  9.52575823e-01 
 2.43845000e-08  1.94587522e+00  2.43845000e-08  1.95006073e+00  2.43845000e-08  8.93524718e-01 
 2.43855000e-08  1.95213133e+00  2.43855000e-08  1.95007186e+00  2.43855000e-08  8.33808605e-01 
 2.44335000e-08  1.11635329e+00  2.44335000e-08  1.95003846e+00  2.44335000e-08  4.63730282e-03 
 2.44345000e-08  1.06449193e+00  2.44345000e-08  1.95002907e+00  2.44345000e-08  4.41892040e-03 
 2.44355000e-08  1.01287439e+00  2.44355000e-08  1.95002285e+00  2.44355000e-08  4.20540747e-03 
 2.44365000e-08  9.61428750e-01  2.44365000e-08  1.95001603e+00  2.44365000e-08  4.02571296e-03 
 2.44375000e-08  9.10108964e-01  2.44375000e-08  1.95001179e+00  2.44375000e-08  3.84517433e-03 
 2.44385000e-08  8.58877115e-01  2.44385000e-08  1.95000671e+00  2.44385000e-08  3.69458543e-03 
 2.49555000e-08  3.03551737e-03  2.49555000e-08  1.06766352e+00  2.49555000e-08 -1.06120545e-07 
 2.49565000e-08  3.00120854e-03  2.49565000e-08  1.02308357e+00  2.49565000e-08  1.93295361e-06 
 2.49575000e-08  2.97166485e-03  2.49575000e-08  9.78068641e-01  2.49575000e-08  2.84179450e-06 
 2.49585000e-08  2.92658680e-03  2.49585000e-08  9.32642403e-01  2.49585000e-08  5.30217468e-06 
 2.49595000e-08  2.85745460e-03  2.49595000e-08  8.86808259e-01  2.49595000e-08  6.27002466e-06 
 2.49605000e-08  2.73615272e-03  2.49605000e-08  8.40592564e-01  2.49605000e-08  8.66448262e-06 
 2.50175000e-08  8.81507921e-01  2.50175000e-08  5.13696214e-03  2.50175000e-08  9.69936627e-05 
 2.50185000e-08  9.23069955e-01  2.50185000e-08  4.96368514e-03  2.50185000e-08  1.25064557e-04 
 2.50195000e-08  9.64090122e-01  2.50195000e-08  4.81521857e-03  2.50195000e-08  1.51084070e-04 
 2.50205000e-08  1.00459699e+00  2.50205000e-08  4.74697622e-03  2.50205000e-08  1.83205463e-04 
 2.50215000e-08  1.04463666e+00  2.50215000e-08  4.74468256e-03  2.50215000e-08  2.02798106e-04 
 2.50225000e-08  1.08428609e+00  2.50225000e-08  4.76443780e-03  2.50225000e-08  1.83358770e-04 
 2.53675000e-08  1.94996682e+00  2.53675000e-08  8.21860499e-01  2.53675000e-08 -6.16714917e-05 
 2.53685000e-08  1.94996708e+00  2.53685000e-08  8.92381740e-01  2.53685000e-08 -9.92995926e-05 
 2.53695000e-08  1.94996707e+00  2.53695000e-08  9.62394771e-01  2.53695000e-08 -1.28848616e-04 
 2.53705000e-08  1.94996732e+00  2.53705000e-08  1.03176471e+00  2.53705000e-08 -1.48039799e-04 
 2.53715000e-08  1.94996732e+00  2.53715000e-08  1.10052414e+00  2.53715000e-08 -1.61203404e-04 
 2.53725000e-08  1.94996759e+00  2.53725000e-08  1.16878494e+00  2.53725000e-08 -1.79914574e-04 
 2.54865000e-08  1.94348067e+00  2.54865000e-08  1.94987621e+00  2.54865000e-08  8.20051846e-01 
 2.54875000e-08  1.94286947e+00  2.54875000e-08  1.94988344e+00  2.54875000e-08  8.82248047e-01 
 2.54885000e-08  1.94225640e+00  2.54885000e-08  1.94988909e+00  2.54885000e-08  9.42815689e-01 
 2.54895000e-08  1.94160814e+00  2.54895000e-08  1.94989859e+00  2.54895000e-08  1.00251965e+00 
 2.54905000e-08  1.94088884e+00  2.54905000e-08  1.94990219e+00  2.54905000e-08  1.06390283e+00 
 2.54915000e-08  1.94004163e+00  2.54915000e-08  1.94991318e+00  2.54915000e-08  1.13060920e+00 
 2.55555000e-08  1.11828394e+00  2.55555000e-08  1.94996644e+00  2.55555000e-08  1.94862203e+00 
 2.55565000e-08  1.06641141e+00  2.55565000e-08  1.94996736e+00  2.55565000e-08  1.94877422e+00 
 2.55575000e-08  1.01478697e+00  2.55575000e-08  1.94996936e+00  2.55575000e-08  1.94881301e+00 
 2.55585000e-08  9.63335117e-01  2.55585000e-08  1.94997005e+00  2.55585000e-08  1.94894868e+00 
 2.55595000e-08  9.12012157e-01  2.55595000e-08  1.94997180e+00  2.55595000e-08  1.94897629e+00 
 2.55605000e-08  8.60776690e-01  2.55605000e-08  1.94997230e+00  2.55605000e-08  1.94909774e+00 
 2.60775000e-08  3.03747693e-03  2.60775000e-08  1.06920142e+00  2.60775000e-08  1.94995893e+00 
 2.60785000e-08  3.00313841e-03  2.60785000e-08  1.02463707e+00  2.60785000e-08  1.94996380e+00 
 2.60795000e-08  2.97355947e-03  2.60795000e-08  9.79637808e-01  2.60795000e-08  1.94997243e+00 
 2.60805000e-08  2.92982223e-03  2.60805000e-08  9.34225508e-01  2.60805000e-08  1.94998587e+00 
 2.60815000e-08  2.86254496e-03  2.60815000e-08  8.88404840e-01  2.60815000e-08  1.95000339e+00 
 2.60825000e-08  2.74486117e-03  2.60825000e-08  8.42200509e-01  2.60825000e-08  1.95003205e+00 
 2.61395000e-08  8.79113727e-01  2.61395000e-08  5.81876222e-03  2.61395000e-08  1.94764464e+00 
 2.61405000e-08  9.20706908e-01  2.61405000e-08  5.60286110e-03  2.61405000e-08  1.94799737e+00 
 2.61415000e-08  9.61758026e-01  2.61415000e-08  5.44285993e-03  2.61415000e-08  1.94846018e+00 
 2.61425000e-08  1.00229369e+00  2.61425000e-08  5.36932518e-03  2.61425000e-08  1.94903608e+00 
 2.61435000e-08  1.04235840e+00  2.61435000e-08  5.34416979e-03  2.61435000e-08  1.94966498e+00 
 2.61445000e-08  1.08202739e+00  2.61445000e-08  5.33379776e-03  2.61445000e-08  1.95036091e+00 
 2.64895000e-08  1.94996682e+00  2.64895000e-08  8.19453090e-01  2.64895000e-08  1.95001656e+00 
 2.64905000e-08  1.94996707e+00  2.64905000e-08  8.89925124e-01  2.64905000e-08  1.94992113e+00 
 2.64915000e-08  1.94996707e+00  2.64915000e-08  9.59766331e-01  2.64915000e-08  1.94980794e+00 
 2.64925000e-08  1.94996731e+00  2.64925000e-08  1.02882646e+00  2.64925000e-08  1.94968041e+00 
 2.64935000e-08  1.94996733e+00  2.64935000e-08  1.09712366e+00  2.64935000e-08  1.94955600e+00 
 2.64945000e-08  1.94996758e+00  2.64945000e-08  1.16480717e+00  2.64945000e-08  1.94943733e+00 
 2.66245000e-08  1.92863158e+00  2.66245000e-08  1.94996418e+00  2.66245000e-08  1.13247979e+00 
 2.66255000e-08  1.93120791e+00  2.66255000e-08  1.94999379e+00  2.66255000e-08  1.07483437e+00 
 2.66265000e-08  1.93497294e+00  2.66265000e-08  1.95002048e+00  2.66265000e-08  1.01687457e+00 
 2.66275000e-08  1.93975235e+00  2.66275000e-08  1.95004500e+00  2.66275000e-08  9.58482206e-01 
 2.66285000e-08  1.94529113e+00  2.66285000e-08  1.95005969e+00  2.66285000e-08  8.99491422e-01 
 2.66295000e-08  1.95144455e+00  2.66295000e-08  1.95007093e+00  2.66295000e-08  8.39849279e-01 
 2.66775000e-08  1.12156222e+00  2.66775000e-08  1.95003940e+00  2.66775000e-08  4.65704921e-03 
 2.66785000e-08  1.06967047e+00  2.66785000e-08  1.95002984e+00  2.66785000e-08  4.44468769e-03 
 2.66795000e-08  1.01803423e+00  2.66795000e-08  1.95002351e+00  2.66795000e-08  4.22101435e-03 
 2.66805000e-08  9.66571612e-01  2.66805000e-08  1.95001657e+00  2.66805000e-08  4.04789380e-03 
 2.66815000e-08  9.15243254e-01  2.66815000e-08  1.95001226e+00  2.66815000e-08  3.85769644e-03 
 2.66825000e-08  8.64001540e-01  2.66825000e-08  1.95000710e+00  2.66825000e-08  3.71404349e-03 
 2.71995000e-08  3.03889676e-03  2.71995000e-08  1.07211100e+00  2.71995000e-08 -2.48904135e-07 
 2.72005000e-08  3.00452223e-03  2.72005000e-08  1.02757358e+00  2.72005000e-08  2.04564093e-06 
 2.72015000e-08  2.97488663e-03  2.72015000e-08  9.82602197e-01  2.72015000e-08  2.89437616e-06 
 2.72025000e-08  2.93207785e-03  2.72025000e-08  9.37216232e-01  2.72025000e-08  5.22115965e-06 
 2.72035000e-08  2.86607980e-03  2.72035000e-08  8.91422674e-01  2.72035000e-08  6.09984048e-06 
 2.72045000e-08  2.75094328e-03  2.72045000e-08  8.45244194e-01  2.72045000e-08  8.52843160e-06 
 2.72615000e-08  8.77359840e-01  2.72615000e-08  5.15212718e-03  2.72615000e-08  9.29278949e-05 
 2.72625000e-08  9.18975826e-01  2.72625000e-08  4.98186418e-03  2.72625000e-08  1.22874185e-04 
 2.72635000e-08  9.60048881e-01  2.72635000e-08  4.82638025e-03  2.72635000e-08  1.47971340e-04 
 2.72645000e-08  1.00060495e+00  2.72645000e-08  4.75063017e-03  2.72645000e-08  1.80243905e-04 
 2.72655000e-08  1.04068807e+00  2.72655000e-08  4.74262612e-03  2.72655000e-08  2.02056438e-04 
 2.72665000e-08  1.08037155e+00  2.72665000e-08  4.76300903e-03  2.72665000e-08  1.86181113e-04 
 2.76115000e-08  1.94996681e+00  2.76115000e-08  8.14851023e-01  2.76115000e-08 -5.76211584e-05 
 2.76125000e-08  1.94996705e+00  2.76125000e-08  8.85416977e-01  2.76125000e-08 -9.53171474e-05 
 2.76135000e-08  1.94996707e+00  2.76135000e-08  9.55486287e-01  2.76135000e-08 -1.26725913e-04 
 2.76145000e-08  1.94996730e+00  2.76145000e-08  1.02492263e+00  2.76145000e-08 -1.46462609e-04 
 2.76155000e-08  1.94996732e+00  2.76155000e-08  1.09373856e+00  2.76155000e-08 -1.60146891e-04 
 2.76165000e-08  1.94996757e+00  2.76165000e-08  1.16203605e+00  2.76165000e-08 -1.77926330e-04 
 2.77305000e-08  1.94353752e+00  2.77305000e-08  1.94987610e+00  2.77305000e-08  8.13814433e-01 
 2.77315000e-08  1.94292551e+00  2.77315000e-08  1.94988247e+00  2.77315000e-08  8.76198421e-01 
 2.77325000e-08  1.94231362e+00  2.77325000e-08  1.94988860e+00  2.77325000e-08  9.36901047e-01 
 2.77335000e-08  1.94166990e+00  2.77335000e-08  1.94989760e+00  2.77335000e-08  9.96633002e-01 
 2.77345000e-08  1.94095910e+00  2.77345000e-08  1.94990216e+00  2.77345000e-08  1.05757702e+00 
 2.77355000e-08  1.94012604e+00  2.77355000e-08  1.94991244e+00  2.77355000e-08  1.12361587e+00 
 2.77995000e-08  1.12304742e+00  2.77995000e-08  1.94996623e+00  2.77995000e-08  1.94861555e+00 
 2.78005000e-08  1.07114691e+00  2.78005000e-08  1.94996726e+00  2.78005000e-08  1.94876154e+00 
 2.78015000e-08  1.01950518e+00  2.78015000e-08  1.94996919e+00  2.78015000e-08  1.94880785e+00 
 2.78025000e-08  9.68037647e-01  2.78025000e-08  1.94996997e+00  2.78025000e-08  1.94893748e+00 
 2.78035000e-08  9.16706763e-01  2.78035000e-08  1.94997164e+00  2.78035000e-08  1.94897224e+00 
 2.78045000e-08  8.65462212e-01  2.78045000e-08  1.94997224e+00  2.78045000e-08  1.94908781e+00 
 2.83215000e-08  3.04079725e-03  2.83215000e-08  1.07380939e+00  2.83215000e-08  1.94995872e+00 
 2.83225000e-08  3.00635922e-03  2.83225000e-08  1.02928919e+00  2.83225000e-08  1.94996307e+00 
 2.83235000e-08  2.97662441e-03  2.83235000e-08  9.84335142e-01  2.83235000e-08  1.94997137e+00 
 2.83245000e-08  2.93502914e-03  2.83245000e-08  9.38964708e-01  2.83245000e-08  1.94998425e+00 
 2.83255000e-08  2.87070373e-03  2.83255000e-08  8.93186209e-01  2.83255000e-08  1.95000189e+00 
 2.83265000e-08  2.75894713e-03  2.83265000e-08  8.47020606e-01  2.83265000e-08  1.95003079e+00 
 2.83835000e-08  8.75007164e-01  2.83835000e-08  5.84141314e-03  2.83835000e-08  1.94761134e+00 
 2.83845000e-08  9.16653719e-01  2.83845000e-08  5.62395266e-03  2.83845000e-08  1.94795471e+00 
 2.83855000e-08  9.57756829e-01  2.83855000e-08  5.45465298e-03  2.83855000e-08  1.94840465e+00 
 2.83865000e-08  9.98340989e-01  2.83865000e-08  5.37446499e-03  2.83865000e-08  1.94897059e+00 
 2.83875000e-08  1.03844902e+00  2.83875000e-08  5.34513128e-03  2.83875000e-08  1.94959858e+00 
 2.83885000e-08  1.07815224e+00  2.83885000e-08  5.33635039e-03  2.83885000e-08  1.95028076e+00 
 2.87335000e-08  1.94996682e+00  2.87335000e-08  8.12510548e-01  2.87335000e-08  1.95002650e+00 
 2.87345000e-08  1.94996705e+00  2.87345000e-08  8.83037646e-01  2.87345000e-08  1.94993105e+00 
 2.87355000e-08  1.94996707e+00  2.87355000e-08  9.52947296e-01  2.87355000e-08  1.94981973e+00 
 2.87365000e-08  1.94996729e+00  2.87365000e-08  1.02208702e+00  2.87365000e-08  1.94969300e+00 
 2.87375000e-08  1.94996732e+00  2.87375000e-08  1.09045472e+00  2.87375000e-08  1.94956638e+00 
 2.87385000e-08  1.94996756e+00  2.87385000e-08  1.15818258e+00  2.87385000e-08  1.94945033e+00 
 2.88685000e-08  1.92844570e+00  2.88685000e-08  1.94996139e+00  2.88685000e-08  1.13814363e+00 
 2.88695000e-08  1.93090120e+00  2.88695000e-08  1.94999098e+00  2.88695000e-08  1.08052243e+00 
 2.88705000e-08  1.93455574e+00  2.88705000e-08  1.95001798e+00  2.88705000e-08  1.02259483e+00 
 2.88715000e-08  1.93924618e+00  2.88715000e-08  1.95004283e+00  2.88715000e-08  9.64257031e-01 
 2.88725000e-08  1.94472347e+00  2.88725000e-08  1.95005856e+00  2.88725000e-08  9.05324312e-01 
 2.88735000e-08  1.95077389e+00  2.88735000e-08  1.95007002e+00  2.88735000e-08  8.45754041e-01 
 2.89215000e-08  1.12666842e+00  2.89215000e-08  1.95004029e+00  2.89215000e-08  4.68202200e-03 
 2.89225000e-08  1.07474627e+00  2.89225000e-08  1.95003065e+00  2.89225000e-08  4.46477088e-03 
 2.89235000e-08  1.02309107e+00  2.89235000e-08  1.95002414e+00  2.89235000e-08  4.24186552e-03 
 2.89245000e-08  9.71611321e-01  2.89245000e-08  1.95001715e+00  2.89245000e-08  4.06441274e-03 
 2.89255000e-08  9.20274263e-01  2.89255000e-08  1.95001271e+00  2.89255000e-08  3.87546784e-03 
 2.89265000e-08  8.69022689e-01  2.89265000e-08  1.95000751e+00  2.89265000e-08  3.72786852e-03 
 2.94435000e-08  3.04266393e-03  2.94435000e-08  1.07688636e+00  2.94435000e-08 -2.55762339e-07 
 2.94445000e-08  3.00813098e-03  2.94445000e-08  1.03239484e+00  2.94445000e-08  1.57818456e-06 
 2.94455000e-08  2.97827837e-03  2.94455000e-08  9.87470300e-01  2.94455000e-08  2.55799710e-06 
 2.94465000e-08  2.93779045e-03  2.94465000e-08  9.42127870e-01  2.94465000e-08  4.86205556e-06 
 2.94475000e-08  2.87502815e-03  2.94475000e-08  8.96377999e-01  2.94475000e-08  6.00810779e-06 
 2.94485000e-08  2.76644416e-03  2.94485000e-08  8.50239760e-01  2.94485000e-08  8.21998906e-06 
 2.95055000e-08  8.72750572e-01  2.95055000e-08  5.16796940e-03  2.95055000e-08  8.82952810e-05 
 2.95065000e-08  9.14426412e-01  2.95065000e-08  5.00132583e-03  2.95065000e-08  1.20413610e-04 
 2.95075000e-08  9.55558380e-01  2.95075000e-08  4.83949780e-03  2.95075000e-08  1.44800445e-04 
 2.95085000e-08  9.96169592e-01  2.95085000e-08  4.75515760e-03  2.95085000e-08  1.76882463e-04 
 2.95095000e-08  1.03630169e+00  2.95095000e-08  4.74090325e-03  2.95095000e-08  2.00829146e-04 
 2.95105000e-08  1.07602412e+00  2.95105000e-08  4.76114026e-03  2.95105000e-08  1.89053581e-04 
 2.98555000e-08  1.94996681e+00  2.98555000e-08  8.07055535e-01  2.98555000e-08 -5.31155830e-05 
 2.98565000e-08  1.94996703e+00  2.98565000e-08  8.77668653e-01  2.98565000e-08 -9.09979435e-05 
 2.98575000e-08  1.94996707e+00  2.98575000e-08  9.47799105e-01  2.98575000e-08 -1.24833881e-04 
 2.98585000e-08  1.94996727e+00  2.98585000e-08  1.01730894e+00  2.98585000e-08 -1.45262095e-04 
 2.98595000e-08  1.94996731e+00  2.98595000e-08  1.08618320e+00  2.98595000e-08 -1.59112236e-04 
 2.98605000e-08  1.94996754e+00  2.98605000e-08  1.15453156e+00  2.98605000e-08 -1.75510749e-04 
 2.99745000e-08  1.94360493e+00  2.99745000e-08  1.94987600e+00  2.99745000e-08  8.06842347e-01 
 2.99755000e-08  1.94299157e+00  2.99755000e-08  1.94988138e+00  2.99755000e-08  8.69439595e-01 
 2.99765000e-08  1.94238058e+00  2.99765000e-08  1.94988808e+00  2.99765000e-08  9.30300344e-01 
 2.99775000e-08  1.94174225e+00  2.99775000e-08  1.94989647e+00  2.99775000e-08  9.90083497e-01 
 2.99785000e-08  1.94104133e+00  2.99785000e-08  1.94990206e+00  2.99785000e-08  1.05064338e+00 
 2.99795000e-08  1.94022533e+00  2.99795000e-08  1.94991150e+00  2.99795000e-08  1.11592631e+00 
 3.00435000e-08  1.12886921e+00  3.00435000e-08  1.94996600e+00  3.00435000e-08  1.94860858e+00 
 3.00445000e-08  1.07693382e+00  3.00445000e-08  1.94996716e+00  3.00445000e-08  1.94874685e+00 
 3.00455000e-08  1.02527022e+00  3.00455000e-08  1.94996898e+00  3.00455000e-08  1.94880235e+00 
 3.00465000e-08  9.73782975e-01  3.00465000e-08  1.94996989e+00  3.00465000e-08  1.94892447e+00 
 3.00475000e-08  9.22442038e-01  3.00475000e-08  1.94997147e+00  3.00475000e-08  1.94896798e+00 
 3.00485000e-08  8.71186195e-01  3.00485000e-08  1.94997218e+00  3.00485000e-08  1.94907625e+00 
 3.05655000e-08  3.04461780e-03  3.05655000e-08  1.07878600e+00  3.05655000e-08  1.94995853e+00 
 3.05665000e-08  3.00995872e-03  3.05665000e-08  1.03431381e+00  3.05665000e-08  1.94996234e+00 
 3.05675000e-08  2.97995722e-03  3.05675000e-08  9.89408621e-01  3.05675000e-08  1.94997026e+00 
 3.05685000e-08  2.94054811e-03  3.05685000e-08  9.44083765e-01  3.05685000e-08  1.94998255e+00 
 3.05695000e-08  2.87932875e-03  3.05695000e-08  8.98350924e-01  3.05695000e-08  1.94999935e+00 
 3.05705000e-08  2.77391616e-03  3.05705000e-08  8.52227536e-01  3.05705000e-08  1.95002736e+00 
 3.06275000e-08  8.70442513e-01  3.06275000e-08  5.86618873e-03  3.06275000e-08  1.94757675e+00 
 3.06285000e-08  9.12148113e-01  3.06285000e-08  5.64726085e-03  3.06285000e-08  1.94791039e+00 
 3.06295000e-08  9.53309692e-01  3.06295000e-08  5.46897368e-03  3.06295000e-08  1.94834742e+00 
 3.06305000e-08  9.93948544e-01  3.06305000e-08  5.38044477e-03  3.06305000e-08  1.94890211e+00 
 3.06315000e-08  1.03410550e+00  3.06315000e-08  5.34643673e-03  3.06315000e-08  1.94952729e+00 
 3.06325000e-08  1.07384777e+00  3.06325000e-08  5.33831936e-03  3.06325000e-08  1.95019300e+00 
 3.09775000e-08  1.94996682e+00  3.09775000e-08  8.04855824e-01  3.09775000e-08  1.95003698e+00 
 3.09785000e-08  1.94996702e+00  3.09785000e-08  8.75440544e-01  3.09785000e-08  1.94994178e+00 
 3.09795000e-08  1.94996707e+00  3.09795000e-08  9.45423941e-01  3.09795000e-08  1.94983265e+00 
 3.09805000e-08  1.94996726e+00  3.09805000e-08  1.01465063e+00  3.09805000e-08  1.94970683e+00 
 3.09815000e-08  1.94996732e+00  3.09815000e-08  1.08308798e+00  3.09815000e-08  1.94957861e+00 
 3.09825000e-08  1.94996753e+00  3.09825000e-08  1.15087468e+00  3.09825000e-08  1.94946411e+00 
 3.11125000e-08  1.92825429e+00  3.11125000e-08  1.94995833e+00  3.11125000e-08  1.14434801e+00 
 3.11135000e-08  1.93057706e+00  3.11135000e-08  1.94998783e+00  3.11135000e-08  1.08675139e+00 
 3.11145000e-08  1.93410774e+00  3.11145000e-08  1.95001520e+00  3.11145000e-08  1.02885751e+00 
 3.11155000e-08  1.93869754e+00  3.11155000e-08  1.95004034e+00  3.11155000e-08  9.70577961e-01 
 3.11165000e-08  1.94410384e+00  3.11165000e-08  1.95005729e+00  3.11165000e-08  9.11708113e-01 
 3.11175000e-08  1.95003612e+00  3.11175000e-08  1.95006894e+00  3.11175000e-08  8.52216004e-01 
 3.11665000e-08  1.08031959e+00  3.11665000e-08  1.95003161e+00  3.11665000e-08  4.48588910e-03 
 3.11675000e-08  1.02864269e+00  3.11675000e-08  1.95002478e+00  3.11675000e-08  4.26612787e-03 
 3.11685000e-08  9.77143585e-01  3.11685000e-08  1.95001784e+00  3.11685000e-08  4.08151530e-03 
 3.11695000e-08  9.25796476e-01  3.11695000e-08  1.95001317e+00  3.11695000e-08  3.89629036e-03 
 3.11705000e-08  8.74533898e-01  3.11705000e-08  1.95000801e+00  3.11705000e-08  3.74194146e-03 
 3.11715000e-08  8.23359805e-01  3.11715000e-08  1.95000486e+00  3.11715000e-08  3.58287953e-03 
 3.16875000e-08  3.04685501e-03  3.16875000e-08  1.08145091e+00  3.16875000e-08 -2.26573793e-07 
 3.16885000e-08  3.01202740e-03  3.16885000e-08  1.03700349e+00  3.16885000e-08  1.24094108e-06 
 3.16895000e-08  2.98181623e-03  3.16895000e-08  9.92123803e-01  3.16895000e-08  2.52720721e-06 
 3.16905000e-08  2.94357929e-03  3.16905000e-08  9.46823257e-01  3.16905000e-08  4.52582858e-06 
 3.16915000e-08  2.88404090e-03  3.16915000e-08  9.01115299e-01  3.16915000e-08  5.98962553e-06 
 3.16925000e-08  2.78215321e-03  3.16925000e-08  8.55015826e-01  3.16925000e-08  7.88214929e-06 
 3.17495000e-08  8.67855062e-01  3.17495000e-08  5.18264930e-03  3.17495000e-08  8.35679774e-05 
 3.17505000e-08  9.09594021e-01  3.17505000e-08  5.01978196e-03  3.17505000e-08  1.17978486e-04 
 3.17515000e-08  9.50788942e-01  3.17515000e-08  4.85306911e-03  3.17515000e-08  1.41889864e-04 
 3.17525000e-08  9.91458937e-01  3.17525000e-08  4.76024089e-03  3.17525000e-08  1.73607028e-04 
 3.17535000e-08  1.03164406e+00  3.17535000e-08  4.73991881e-03  3.17535000e-08  1.99292120e-04 
 3.17545000e-08  1.07140941e+00  3.17545000e-08  4.75924204e-03  3.17545000e-08  1.91582369e-04 
 3.20995000e-08  1.94996685e+00  3.20995000e-08  7.98899702e-01  3.20995000e-08 -4.84460073e-05 
 3.21005000e-08  1.94996697e+00  3.21005000e-08  8.69559719e-01  3.21005000e-08 -8.68895900e-05 
 3.21015000e-08  1.94996710e+00  3.21015000e-08  9.39755188e-01  3.21015000e-08 -1.21398729e-04 
 3.21025000e-08  1.94996721e+00  3.21025000e-08  1.00934392e+00  3.21025000e-08 -1.42427037e-04 
 3.21035000e-08  1.94996735e+00  3.21035000e-08  1.07829242e+00  3.21035000e-08 -1.58095263e-04 
 3.21045000e-08  1.94996748e+00  3.21045000e-08  1.14669633e+00  3.21045000e-08 -1.72492534e-04 
 3.22185000e-08  1.94356648e+00  3.22185000e-08  1.94987594e+00  3.22185000e-08  7.99491483e-01 
 3.22195000e-08  1.94295370e+00  3.22195000e-08  1.94988022e+00  3.22195000e-08  8.62318290e-01 
 3.22205000e-08  1.94234195e+00  3.22205000e-08  1.94988759e+00  3.22205000e-08  9.23354041e-01 
 3.22215000e-08  1.94170033e+00  3.22215000e-08  1.94989522e+00  3.22215000e-08  9.83211479e-01 
 3.22225000e-08  1.94099339e+00  3.22225000e-08  1.94990192e+00  3.22225000e-08  1.04346673e+00 
 3.22235000e-08  1.94016721e+00  3.22235000e-08  1.94991034e+00  3.22235000e-08  1.10799189e+00 
 3.22875000e-08  1.12533449e+00  3.22875000e-08  1.94996573e+00  3.22875000e-08  1.94860163e+00 
 3.22885000e-08  1.07342037e+00  3.22885000e-08  1.94996706e+00  3.22885000e-08  1.94873004e+00 
 3.22895000e-08  1.02177029e+00  3.22895000e-08  1.94996875e+00  3.22895000e-08  1.94879700e+00 
 3.22905000e-08  9.70295141e-01  3.22905000e-08  1.94996982e+00  3.22905000e-08  1.94890955e+00 
 3.22915000e-08  9.18960525e-01  3.22915000e-08  1.94997126e+00  3.22915000e-08  1.94896396e+00 
 3.22925000e-08  8.67711344e-01  3.22925000e-08  1.94997213e+00  3.22925000e-08  1.94906293e+00 
 3.28095000e-08  2.83386909e-08  3.28095000e-08  1.07715777e+00  3.28095000e-08  1.94995866e+00 
 3.28105000e-08  2.31853255e-08  3.28105000e-08  1.03266982e+00  3.28105000e-08  1.94996250e+00 
 3.28115000e-08  2.93072203e-08  3.28115000e-08  9.87748651e-01  3.28115000e-08  1.94997069e+00 
 3.28125000e-08  2.11965062e-08  3.28125000e-08  9.42408826e-01  3.28125000e-08  1.94998302e+00 
 3.28135000e-08  2.52119591e-08  3.28135000e-08  8.96661062e-01  3.28135000e-08  1.95000009e+00 
 3.28145000e-08  2.04341820e-08  3.28145000e-08  8.50523858e-01  3.28145000e-08  1.95002836e+00 
 4.38015000e-08  4.68654075e-09  4.38015000e-08  2.72137757e-09  4.38015000e-08  1.94999999e+00 
 4.38025000e-08  4.68654051e-09  4.38025000e-08  2.72132900e-09  4.38025000e-08  1.94999999e+00 
 4.38035000e-08  4.68654009e-09  4.38035000e-08  2.72128059e-09  4.38035000e-08  1.94999999e+00 
 4.38045000e-08  4.68653991e-09  4.38045000e-08  2.72123274e-09  4.38045000e-08  1.94999999e+00 
 4.38055000e-08  4.68653999e-09  4.38055000e-08  2.72118439e-09  4.38055000e-08  1.94999999e+00 
 4.38065000e-08  4.68654002e-09  4.38065000e-08  2.72113532e-09  4.38065000e-08  1.94999999e+00 
 4.38075000e-08  4.68654016e-09  4.38075000e-08  2.72108686e-09  4.38075000e-08  1.94999999e+00 
 4.38085000e-08  4.68654037e-09  4.38085000e-08  2.72103812e-09  4.38085000e-08  1.94999999e+00 
 4.38095000e-08  4.68654027e-09  4.38095000e-08  2.72098971e-09  4.38095000e-08  1.94999999e+00 
 4.38105000e-08  4.68654061e-09  4.38105000e-08  2.72094197e-09  4.38105000e-08  1.94999999e+00 
 4.38115000e-08  4.68654019e-09  4.38115000e-08  2.72089340e-09  4.38115000e-08  1.94999999e+00 
 4.38125000e-08  4.68653973e-09  4.38125000e-08  2.72084461e-09  4.38125000e-08  1.94999999e+00 
 4.38135000e-08  4.68653959e-09  4.38135000e-08  2.72079625e-09  4.38135000e-08  1.94999999e+00 
 4.38145000e-08  4.68654000e-09  4.38145000e-08  2.72074829e-09  4.38145000e-08  1.94999999e+00 
 4.38155000e-08  4.68654034e-09  4.38155000e-08  2.72069944e-09  4.38155000e-08  1.94999999e+00 
 4.38165000e-08  4.68653996e-09  4.38165000e-08  2.72065054e-09  4.38165000e-08  1.94999999e+00 
 4.38175000e-08  4.68654026e-09  4.38175000e-08  2.72060313e-09  4.38175000e-08  1.94999999e+00 
 4.38185000e-08  4.68654068e-09  4.38185000e-08  2.72055484e-09  4.38185000e-08  1.94999999e+00 
 4.38195000e-08  4.68654051e-09  4.38195000e-08  2.72050688e-09  4.38195000e-08  1.94999999e+00 
 4.38205000e-08  4.68654045e-09  4.38205000e-08  2.72045919e-09  4.38205000e-08  1.94999999e+00 
 4.38215000e-08  4.68654055e-09  4.38215000e-08  2.72041117e-09  4.38215000e-08  1.94999999e+00 
 4.38225000e-08  4.68654078e-09  4.38225000e-08  2.72036293e-09  4.38225000e-08  1.94999999e+00 
 4.38235000e-08  4.68654110e-09  4.38235000e-08  2.72031425e-09  4.38235000e-08  1.94999999e+00 
 4.38245000e-08  4.68654111e-09  4.38245000e-08  2.72026618e-09  4.38245000e-08  1.94999999e+00 
 4.38255000e-08  4.68654061e-09  4.38255000e-08  2.72021811e-09  4.38255000e-08  1.94999999e+00 
 4.38265000e-08  4.68654027e-09  4.38265000e-08  2.72016970e-09  4.38265000e-08  1.94999999e+00 
 4.38275000e-08  4.68653962e-09  4.38275000e-08  2.72012141e-09  4.38275000e-08  1.94999999e+00 
 4.38285000e-08  4.68653945e-09  4.38285000e-08  2.72007306e-09  4.38285000e-08  1.94999999e+00 
 4.38295000e-08  4.68653948e-09  4.38295000e-08  2.72002521e-09  4.38295000e-08  1.94999999e+00 
 4.38305000e-08  4.68653943e-09  4.38305000e-08  2.71997697e-09  4.38305000e-08  1.94999999e+00 
 4.38315000e-08  4.68653959e-09  4.38315000e-08  2.71992856e-09  4.38315000e-08  1.94999999e+00 
 4.38325000e-08  4.68653973e-09  4.38325000e-08  2.71988043e-09  4.38325000e-08  1.94999999e+00 
 4.38335000e-08  4.68653995e-09  4.38335000e-08  2.71983269e-09  4.38335000e-08  1.94999999e+00 
 4.38345000e-08  4.68654004e-09  4.38345000e-08  2.71978462e-09  4.38345000e-08  1.94999999e+00 
 4.38355000e-08  4.68654034e-09  4.38355000e-08  2.71973671e-09  4.38355000e-08  1.94999999e+00 
 4.38365000e-08  4.68654068e-09  4.38365000e-08  2.71968859e-09  4.38365000e-08  1.94999999e+00 
 4.38375000e-08  4.68654083e-09  4.38375000e-08  2.71964001e-09  4.38375000e-08  1.94999999e+00 
 4.38385000e-08  4.68654098e-09  4.38385000e-08  2.71959222e-09  4.38385000e-08  1.94999999e+00 
 4.38395000e-08  4.68654039e-09  4.38395000e-08  2.71954453e-09  4.38395000e-08  1.94999999e+00 
 4.38405000e-08  4.68654020e-09  4.38405000e-08  2.71949685e-09  4.38405000e-08  1.94999999e+00 
 4.38415000e-08  4.68654053e-09  4.38415000e-08  2.71944900e-09  4.38415000e-08  1.94999999e+00 
 4.38425000e-08  4.68654041e-09  4.38425000e-08  2.71940143e-09  4.38425000e-08  1.94999999e+00 
 4.38435000e-08  4.68654093e-09  4.38435000e-08  2.71935313e-09  4.38435000e-08  1.94999999e+00 
 4.38445000e-08  4.68654122e-09  4.38445000e-08  2.71930495e-09  4.38445000e-08  1.94999999e+00 
 4.38455000e-08  4.68654147e-09  4.38455000e-08  2.71925704e-09  4.38455000e-08  1.94999999e+00 
 4.38465000e-08  4.68654116e-09  4.38465000e-08  2.71920941e-09  4.38465000e-08  1.94999999e+00 
 4.38475000e-08  4.68654083e-09  4.38475000e-08  2.71916145e-09  4.38475000e-08  1.94999999e+00 
 4.38485000e-08  4.68654068e-09  4.38485000e-08  2.71911349e-09  4.38485000e-08  1.94999999e+00 
 4.38495000e-08  4.68654063e-09  4.38495000e-08  2.71906558e-09  4.38495000e-08  1.94999999e+00 
 4.38500000e-08  4.68654105e-09  4.38500000e-08  2.71904138e-09  4.38500000e-08  1.94999999e+00 
