 time            v(b_out)        time            v(u_puf_u_core_sel_ro) time            v(q)           
 0.00000000e+00  4.68653885e-09  0.00000000e+00  2.46749735e-09  0.00000000e+00  2.46749746e-09 
 1.00150000e-09  4.68903176e-09  1.00150000e-09  3.68790123e-05  1.00150000e-09  6.00721751e-04 
 2.57850000e-09  9.39876729e-01  2.57850000e-09  2.98927624e-09  2.57850000e-09  2.46768284e-09 
 2.57950000e-09  9.75580705e-01  2.57950000e-09  3.08504036e-09  2.57950000e-09  2.46785703e-09 
 2.58050000e-09  1.01193243e+00  2.58050000e-09  3.08791212e-09  2.58050000e-09  2.46761744e-09 
 2.58150000e-09  1.04913587e+00  2.58150000e-09  2.99610936e-09  2.58150000e-09  2.46749593e-09 
 2.58250000e-09  1.08676460e+00  2.58250000e-09  2.68835806e-09  2.58250000e-09  2.46717347e-09 
 2.58350000e-09  1.12430106e+00  2.58350000e-09  2.42547399e-09  2.58350000e-09  2.46748394e-09 
 3.11450000e-09  1.13652022e+00  3.11450000e-09  2.71818712e-09  3.11450000e-09  2.47284393e-09 
 3.11550000e-09  1.08374894e+00  3.11550000e-09  2.73122591e-09  3.11550000e-09  2.46233967e-09 
 3.11650000e-09  1.03121501e+00  3.11650000e-09  2.71493839e-09  3.11650000e-09  2.47278253e-09 
 3.11750000e-09  9.78813742e-01  3.11750000e-09  2.72850359e-09  3.11750000e-09  2.46239856e-09 
 3.11850000e-09  9.26512969e-01  3.11850000e-09  2.71304601e-09  3.11850000e-09  2.47272847e-09 
 3.11950000e-09  8.74208526e-01  3.11950000e-09  2.72672382e-09  3.11950000e-09  2.46245696e-09 
 3.70050000e-09  9.41470755e-01  3.70050000e-09  2.79113346e-09  3.70050000e-09  2.47346599e-09 
 3.70150000e-09  9.78505482e-01  3.70150000e-09  2.72116230e-09  3.70150000e-09  2.46150195e-09 
 3.70250000e-09  1.01606352e+00  3.70250000e-09  2.65585814e-09  3.70250000e-09  2.47332715e-09 
 3.70350000e-09  1.05393201e+00  3.70350000e-09  2.57133756e-09  3.70350000e-09  2.46161780e-09 
 3.70450000e-09  1.09171396e+00  3.70450000e-09  2.30311648e-09  3.70450000e-09  2.47297899e-09 
 3.70550000e-09  1.12916988e+00  3.70550000e-09  2.16170132e-09  3.70550000e-09  2.46178600e-09 
 4.23650000e-09  1.13960483e+00  4.23650000e-09  2.58891558e-09  4.23650000e-09  2.46764487e-09 
 4.23750000e-09  1.08681851e+00  4.23750000e-09  2.54038560e-09  4.23750000e-09  2.46738846e-09 
 4.23850000e-09  1.03427453e+00  4.23850000e-09  2.58590216e-09  4.23850000e-09  2.46765713e-09 
 4.23950000e-09  9.81865254e-01  4.23950000e-09  2.53697174e-09  4.23950000e-09  2.46737536e-09 
 4.24050000e-09  9.29562599e-01  4.24050000e-09  2.58302443e-09  4.24050000e-09  2.46767301e-09 
 4.24150000e-09  8.77257979e-01  4.24150000e-09  2.53669197e-09  4.24150000e-09  2.46736770e-09 
 4.82250000e-09  9.39425571e-01  4.82250000e-09  2.71023670e-09  4.82250000e-09  2.47124443e-09 
 4.82350000e-09  9.76436420e-01  4.82350000e-09  2.64362085e-09  4.82350000e-09  2.46367121e-09 
 4.82450000e-09  1.01396657e+00  4.82450000e-09  2.57058269e-09  4.82450000e-09  2.47110160e-09 
 4.82550000e-09  1.05182879e+00  4.82550000e-09  2.50147622e-09  4.82550000e-09  2.46379356e-09 
 4.82650000e-09  1.08962314e+00  4.82650000e-09  2.23565139e-09  4.82650000e-09  2.47078502e-09 
 4.82750000e-09  1.12710117e+00  4.82750000e-09  2.08097770e-09  4.82750000e-09  2.46388299e-09 
 5.35850000e-09  1.14217807e+00  5.35850000e-09  2.53294741e-09  5.35850000e-09  2.46920273e-09 
 5.35950000e-09  1.08938112e+00  5.35950000e-09  2.49100368e-09  5.35950000e-09  2.46581588e-09 
 5.36050000e-09  1.03682628e+00  5.36050000e-09  2.53034996e-09  5.36050000e-09  2.46919679e-09 
 5.36150000e-09  9.84411940e-01  5.36150000e-09  2.48801857e-09  5.36150000e-09  2.46582027e-09 
 5.36250000e-09  9.32105497e-01  5.36250000e-09  2.52798268e-09  5.36250000e-09  2.46919291e-09 
 5.36350000e-09  8.79802155e-01  5.36350000e-09  2.48718601e-09  5.36350000e-09  2.46582782e-09 
 5.94450000e-09  9.37700351e-01  5.94450000e-09  2.67718919e-09  5.94450000e-09  2.46918230e-09 
 5.94550000e-09  9.74692120e-01  5.94550000e-09  2.61689956e-09  5.94550000e-09  2.46572124e-09 
 5.94650000e-09  1.01219340e+00  5.94650000e-09  2.44094681e-09  5.94650000e-09  2.46887510e-09 
 5.94750000e-09  1.05005051e+00  5.94750000e-09  2.40340534e-09  5.94750000e-09  2.46594778e-09 
 5.94850000e-09  1.08786011e+00  5.94850000e-09  2.26960742e-09  5.94850000e-09  2.46899784e-09 
 5.94950000e-09  1.12535576e+00  5.94950000e-09  2.16975093e-09  5.94950000e-09  2.46590715e-09 
 6.48050000e-09  1.14477249e+00  6.48050000e-09  2.50757834e-09  6.48050000e-09  2.47045884e-09 
 6.48150000e-09  1.09196503e+00  6.48150000e-09  2.47070051e-09  6.48150000e-09  2.46455778e-09 
 6.48250000e-09  1.03939942e+00  6.48250000e-09  2.50442495e-09  6.48250000e-09  2.47043597e-09 
 6.48350000e-09  9.86980016e-01  6.48350000e-09  2.46771051e-09  6.48350000e-09  2.46457754e-09 
 6.48450000e-09  9.34669858e-01  6.48450000e-09  2.50178575e-09  6.48450000e-09  2.47041765e-09 
 6.48550000e-09  8.82367856e-01  6.48550000e-09  2.46641810e-09  6.48550000e-09  2.46459908e-09 
 7.06650000e-09  9.36144678e-01  7.06650000e-09  2.65931982e-09  7.06650000e-09  2.46730220e-09 
 7.06750000e-09  9.73122413e-01  7.06750000e-09  2.60738703e-09  7.06750000e-09  2.46759269e-09 
 7.06850000e-09  1.01060269e+00  7.06850000e-09  2.43073903e-09  7.06850000e-09  2.46701498e-09 
 7.06950000e-09  1.04845091e+00  7.06950000e-09  2.41125331e-09  7.06950000e-09  2.46781362e-09 
 7.07050000e-09  1.08626814e+00  7.07050000e-09  2.25694044e-09  7.07050000e-09  2.46710974e-09 
 7.07150000e-09  1.12377968e+00  7.07150000e-09  2.15002618e-09  7.07150000e-09  2.46772291e-09 
 7.60250000e-09  1.14689756e+00  7.60250000e-09  2.49379351e-09  7.60250000e-09  2.47154064e-09 
 7.60350000e-09  1.09408129e+00  7.60350000e-09  2.46126577e-09  7.60350000e-09  2.46347637e-09 
 7.60450000e-09  1.04150661e+00  7.60450000e-09  2.49099522e-09  7.60450000e-09  2.47150528e-09 
 7.60550000e-09  9.89082791e-01  7.60550000e-09  2.45878190e-09  7.60550000e-09  2.46350879e-09 
 7.60650000e-09  9.36769365e-01  7.60650000e-09  2.48792839e-09  7.60650000e-09  2.47147530e-09 
 7.60750000e-09  8.84468249e-01  7.60750000e-09  2.45684614e-09  7.60750000e-09  2.46354531e-09 
 8.18850000e-09  9.34279187e-01  8.18850000e-09  2.64830591e-09  8.18850000e-09  2.46505610e-09 
 8.18950000e-09  9.71237188e-01  8.18950000e-09  2.60676267e-09  8.18950000e-09  2.46983672e-09 
 8.19050000e-09  1.00869086e+00  8.19050000e-09  2.43065731e-09  8.19050000e-09  2.46479576e-09 
 8.19150000e-09  1.04653021e+00  8.19150000e-09  2.43127438e-09  8.19150000e-09  2.47004933e-09 
 8.19250000e-09  1.08435744e+00  8.19250000e-09  2.25158039e-09  8.19250000e-09  2.46485271e-09 
 8.19350000e-09  1.12188790e+00  8.19350000e-09  2.13516332e-09  8.19350000e-09  2.46989973e-09 
 8.72450000e-09  1.14967560e+00  8.72450000e-09  2.48547175e-09  8.72450000e-09  2.47220594e-09 
 8.72550000e-09  1.09684772e+00  8.72550000e-09  2.45660839e-09  8.72550000e-09  2.46281234e-09 
 8.72650000e-09  1.04426099e+00  8.72650000e-09  2.48251955e-09  8.72650000e-09  2.47216475e-09 
 8.72750000e-09  9.91831180e-01  8.72750000e-09  2.45428206e-09  8.72750000e-09  2.46285409e-09 
 8.72850000e-09  9.39513265e-01  8.72850000e-09  2.47973053e-09  8.72850000e-09  2.47212384e-09 
 8.72950000e-09  8.87213146e-01  8.72950000e-09  2.45214307e-09  8.72950000e-09  2.46289616e-09 
 9.31050000e-09  9.32161581e-01  9.31050000e-09  2.63756922e-09  9.31050000e-09  2.46379517e-09 
 9.31150000e-09  9.69098956e-01  9.31150000e-09  2.61127300e-09  9.31150000e-09  2.47110238e-09 
 9.31250000e-09  1.00652231e+00  9.31250000e-09  2.43238429e-09  9.31250000e-09  2.46354881e-09 
 9.31350000e-09  1.04435050e+00  9.31350000e-09  2.45944728e-09  9.31350000e-09  2.47131493e-09 
 9.31450000e-09  1.08218817e+00  9.31450000e-09  2.24835808e-09  9.31450000e-09  2.46355586e-09 
 9.31550000e-09  1.11973979e+00  9.31550000e-09  2.12005538e-09  9.31550000e-09  2.47110382e-09 
 9.84650000e-09  1.15274279e+00  9.84650000e-09  2.47967727e-09  9.84650000e-09  2.47306259e-09 
 9.84750000e-09  1.09990221e+00  9.84750000e-09  2.45486831e-09  9.84750000e-09  2.46196002e-09 
 9.84850000e-09  1.04730218e+00  9.84850000e-09  2.47662588e-09  9.84850000e-09  2.47301035e-09 
 9.84950000e-09  9.94865671e-01  9.84950000e-09  2.45259391e-09  9.84950000e-09  2.46201065e-09 
 9.85050000e-09  9.42542716e-01  9.85050000e-09  2.47404819e-09  9.85050000e-09  2.47296039e-09 
 9.85150000e-09  8.90243652e-01  9.85150000e-09  2.45049336e-09  9.85150000e-09  2.46206378e-09 
 1.04325000e-08  9.29882828e-01  1.04325000e-08  2.63136551e-09  1.04325000e-08  2.46092829e-09 
 1.04335000e-08  9.66799355e-01  1.04335000e-08  2.61795188e-09  1.04335000e-08  2.47397003e-09 
 1.04345000e-08  1.00418911e+00  1.04345000e-08  2.43944842e-09  1.04345000e-08  2.46071757e-09 
 1.04355000e-08  1.04200369e+00  1.04355000e-08  2.49174936e-09  1.04355000e-08  2.47416809e-09 
 1.04365000e-08  1.07985128e+00  1.04365000e-08  2.25084265e-09  1.04365000e-08  2.46067955e-09 
 1.04375000e-08  1.11742538e+00  1.04375000e-08  2.10828319e-09  1.04375000e-08  2.47388082e-09 
 1.09415000e-08  2.05290486e+00  1.09415000e-08  2.44703627e-09  1.09415000e-08  2.46017401e-09 
 1.09685000e-08  1.15581925e+00  1.09685000e-08  2.47554660e-09  1.09685000e-08  2.47392806e-09 
 1.09695000e-08  1.10296593e+00  1.09695000e-08  2.45581930e-09  1.09695000e-08  2.46109760e-09 
 1.09705000e-08  1.05035237e+00  1.09705000e-08  2.47262066e-09  1.09705000e-08  2.47386472e-09 
 1.09715000e-08  9.97908923e-01  1.09715000e-08  2.45363510e-09  1.09715000e-08  2.46116244e-09 
 1.09725000e-08  9.45580692e-01  1.09725000e-08  2.47111387e-09  1.09725000e-08  2.47380644e-09 
 1.09735000e-08  8.93282516e-01  1.09735000e-08  2.45269929e-09  1.09735000e-08  2.46122345e-09 
 1.15545000e-08  9.27882023e-01  1.15545000e-08  2.62864752e-09  1.15545000e-08  2.45971971e-09 
 1.15555000e-08  9.64782560e-01  1.15555000e-08  2.62083352e-09  1.15555000e-08  2.47518395e-09 
 1.15565000e-08  1.00214339e+00  1.15565000e-08  2.44801793e-09  1.15565000e-08  2.45952564e-09 
 1.15575000e-08  1.03994507e+00  1.15575000e-08  2.51700638e-09  1.15575000e-08  2.47538445e-09 
 1.15585000e-08  1.07780048e+00  1.15585000e-08  2.25631880e-09  1.15585000e-08  2.45944110e-09 
 1.15595000e-08  1.11539386e+00  1.15595000e-08  2.09654671e-09  1.15595000e-08  2.47503767e-09 
 1.20905000e-08  1.15858521e+00  1.20905000e-08  2.47166901e-09  1.20905000e-08  2.47483251e-09 
 1.20915000e-08  1.10572040e+00  1.20915000e-08  2.45763868e-09  1.20915000e-08  2.46019949e-09 
 1.20925000e-08  1.05309453e+00  1.20925000e-08  2.46873144e-09  1.20925000e-08  2.47475834e-09 
 1.20935000e-08  1.00064464e+00  1.20935000e-08  2.45552145e-09  1.20935000e-08  2.46027476e-09 
 1.20945000e-08  9.48311459e-01  1.20945000e-08  2.46735932e-09  1.20945000e-08  2.47468845e-09 
 1.20955000e-08  8.96013921e-01  1.20955000e-08  2.45457824e-09  1.20955000e-08  2.46034759e-09 
 1.26765000e-08  9.26073304e-01  1.26765000e-08  2.62632996e-09  1.26765000e-08  2.45909060e-09 
 1.26775000e-08  9.62959758e-01  1.26775000e-08  2.62409078e-09  1.26775000e-08  2.47581661e-09 
 1.26785000e-08  1.00029366e+00  1.26785000e-08  2.45606724e-09  1.26785000e-08  2.45891080e-09 
 1.26795000e-08  1.03808225e+00  1.26795000e-08  2.54073193e-09  1.26795000e-08  2.47602322e-09 
 1.26805000e-08  1.07594384e+00  1.26805000e-08  2.27845023e-09  1.26805000e-08  2.45880938e-09 
 1.26815000e-08  1.11355436e+00  1.26815000e-08  2.10860304e-09  1.26815000e-08  2.47562754e-09 
 1.32125000e-08  1.16142832e+00  1.32125000e-08  2.46855542e-09  1.32125000e-08  2.47570453e-09 
 1.32135000e-08  1.10855168e+00  1.32135000e-08  2.45959245e-09  1.32135000e-08  2.45933451e-09 
 1.32145000e-08  1.05591300e+00  1.32145000e-08  2.46571777e-09  1.32145000e-08  2.47562015e-09 
 1.32155000e-08  1.00345630e+00  1.32155000e-08  2.45757237e-09  1.32155000e-08  2.45941978e-09 
 1.32165000e-08  9.51117835e-01  1.32165000e-08  2.46446449e-09  1.32165000e-08  2.47553772e-09 
 1.32175000e-08  8.98820798e-01  1.32175000e-08  2.45660192e-09  1.32175000e-08  2.45950016e-09 
 1.37985000e-08  9.23913641e-01  1.37985000e-08  2.62407651e-09  1.37985000e-08  2.45865944e-09 
 1.37995000e-08  9.60784871e-01  1.37995000e-08  2.62821048e-09  1.37995000e-08  2.47625465e-09 
 1.38005000e-08  9.98086717e-01  1.38005000e-08  2.46608506e-09  1.38005000e-08  2.45849147e-09 
 1.38015000e-08  1.03585835e+00  1.38015000e-08  2.55710009e-09  1.38015000e-08  2.47644888e-09 
 1.38025000e-08  1.07372632e+00  1.38025000e-08  2.28762992e-09  1.38025000e-08  2.45836757e-09 
 1.38035000e-08  1.11135684e+00  1.38035000e-08  2.10276427e-09  1.38035000e-08  2.47601784e-09 
 1.43345000e-08  1.16492647e+00  1.43345000e-08  2.46520099e-09  1.43345000e-08  2.47675624e-09 
 1.43355000e-08  1.11203546e+00  1.43355000e-08  2.46186291e-09  1.43355000e-08  2.45828763e-09 
 1.43365000e-08  1.05938100e+00  1.43365000e-08  2.46251622e-09  1.43365000e-08  2.47665877e-09 
 1.43375000e-08  1.00691579e+00  1.43375000e-08  2.46010312e-09  1.43375000e-08  2.45838527e-09 
 1.43385000e-08  9.54570679e-01  1.43385000e-08  2.46146512e-09  1.43385000e-08  2.47656512e-09 
 1.43395000e-08  9.02274162e-01  1.43395000e-08  2.45911738e-09  1.43395000e-08  2.45847920e-09 
 1.49205000e-08  9.21208072e-01  1.49205000e-08  2.62361630e-09  1.49205000e-08  2.45940951e-09 
 1.49215000e-08  9.58061692e-01  1.49215000e-08  2.62730324e-09  1.49215000e-08  2.47552295e-09 
 1.49225000e-08  9.95323100e-01  1.49225000e-08  2.48102899e-09  1.49225000e-08  2.45924942e-09 
 1.49235000e-08  1.03307214e+00  1.49235000e-08  2.54445395e-09  1.49235000e-08  2.47565402e-09 
 1.49245000e-08  1.07094661e+00  1.49245000e-08  2.30731489e-09  1.49245000e-08  2.45915976e-09 
 1.49255000e-08  1.10860157e+00  1.49255000e-08  2.10460718e-09  1.49255000e-08  2.47524051e-09 
 1.54565000e-08  1.16922271e+00  1.54565000e-08  2.45951640e-09  1.54565000e-08  2.47645288e-09 
 1.54575000e-08  1.11631386e+00  1.54575000e-08  2.46955562e-09  1.54575000e-08  2.45858922e-09 
 1.54585000e-08  1.06363953e+00  1.54585000e-08  2.45697629e-09  1.54585000e-08  2.47635629e-09 
 1.54595000e-08  1.01116331e+00  1.54595000e-08  2.46784398e-09  1.54595000e-08  2.45868909e-09 
 1.54605000e-08  9.58809429e-01  1.54605000e-08  2.45609222e-09  1.54605000e-08  2.47626175e-09 
 1.54615000e-08  9.06513084e-01  1.54615000e-08  2.46672144e-09  1.54615000e-08  2.45878334e-09 
 1.60000000e-08 -1.01798587e-02  1.60000000e-08  2.71929021e-09  1.60000000e-08  2.45715359e-09 
