 time            v(b_out)        time            v(u_puf_u_core_sel_ro) time            v(q)           
 0.00000000e+00  4.68653885e-09  0.00000000e+00  2.46749735e-09  0.00000000e+00  2.46749746e-09 
 1.00150000e-09  4.68898181e-09  1.00150000e-09  3.68789478e-05  1.00150000e-09  6.00721615e-04 
 2.57850000e-09  9.42483525e-01  2.57850000e-09  2.98355482e-09  2.57850000e-09  2.46770332e-09 
 2.57950000e-09  9.78661460e-01  2.57950000e-09  2.96364244e-09  2.57950000e-09  2.46763804e-09 
 2.58050000e-09  1.01493359e+00  2.58050000e-09  2.87775717e-09  2.58050000e-09  2.46754495e-09 
 2.58150000e-09  1.05104777e+00  2.58150000e-09  2.83941032e-09  2.58150000e-09  2.46768533e-09 
 2.58250000e-09  1.08686607e+00  2.58250000e-09  2.92950039e-09  2.58250000e-09  2.46790532e-09 
 2.58350000e-09  1.12238797e+00  2.58350000e-09  3.05850423e-09  2.58350000e-09  2.46788723e-09 
 3.11450000e-09  1.14101802e+00  3.11450000e-09  2.71949238e-09  3.11450000e-09  2.46765264e-09 
 3.11550000e-09  1.08872608e+00  3.11550000e-09  2.73751860e-09  3.11550000e-09  2.46750420e-09 
 3.11650000e-09  1.03654033e+00  3.11650000e-09  2.72054315e-09  3.11650000e-09  2.46764603e-09 
 3.11750000e-09  9.84357003e-01  3.11750000e-09  2.73814504e-09  3.11750000e-09  2.46750986e-09 
 3.11850000e-09  9.32148404e-01  3.11850000e-09  2.72161058e-09  3.11850000e-09  2.46764287e-09 
 3.11950000e-09  8.79850780e-01  3.11950000e-09  2.73790843e-09  3.11950000e-09  2.46751242e-09 
 3.70050000e-09  9.44261875e-01  3.70050000e-09  2.71221440e-09  3.70050000e-09  2.47223159e-09 
 3.70150000e-09  9.81268771e-01  3.70150000e-09  2.59459065e-09  3.70150000e-09  2.46272935e-09 
 3.70250000e-09  1.01799715e+00  3.70250000e-09  2.61371214e-09  3.70250000e-09  2.47221926e-09 
 3.70350000e-09  1.05436772e+00  3.70350000e-09  2.62079924e-09  3.70350000e-09  2.46302073e-09 
 3.70450000e-09  1.09036451e+00  3.70450000e-09  2.79929743e-09  3.70450000e-09  2.47240656e-09 
 3.70550000e-09  1.12608230e+00  3.70550000e-09  2.77977910e-09  3.70550000e-09  2.46286425e-09 
 4.23650000e-09  1.14424413e+00  4.23650000e-09  2.55218671e-09  4.23650000e-09  2.46891818e-09 
 4.23750000e-09  1.09194404e+00  4.23750000e-09  2.58417174e-09  4.23750000e-09  2.46613391e-09 
 4.23850000e-09  1.03975599e+00  4.23850000e-09  2.55404675e-09  4.23850000e-09  2.46889648e-09 
 4.23950000e-09  9.87572617e-01  4.23950000e-09  2.58559366e-09  4.23950000e-09  2.46615683e-09 
 4.24050000e-09  9.35368300e-01  4.24050000e-09  2.55563898e-09  4.24050000e-09  2.46887416e-09 
 4.24150000e-09  8.83075395e-01  4.24150000e-09  2.58510086e-09  4.24150000e-09  2.46617637e-09 
 4.82250000e-09  9.42391584e-01  4.82250000e-09  2.62980157e-09  4.82250000e-09  2.47318266e-09 
 4.82350000e-09  9.79410399e-01  4.82350000e-09  2.51525425e-09  4.82350000e-09  2.46173609e-09 
 4.82450000e-09  1.01615480e+00  4.82450000e-09  2.52824073e-09  4.82450000e-09  2.47314558e-09 
 4.82550000e-09  1.05254476e+00  4.82550000e-09  2.53324961e-09  4.82550000e-09  2.46203391e-09 
 4.82650000e-09  1.08855842e+00  4.82650000e-09  2.71012165e-09  4.82650000e-09  2.47333570e-09 
 4.82750000e-09  1.12428622e+00  4.82750000e-09  2.69685591e-09  4.82750000e-09  2.46190196e-09 
 5.35850000e-09  1.14621340e+00  5.35850000e-09  2.50261228e-09  5.35850000e-09  2.46788173e-09 
 5.35950000e-09  1.09390966e+00  5.35950000e-09  2.53103111e-09  5.35950000e-09  2.46713872e-09 
 5.36050000e-09  1.04171822e+00  5.36050000e-09  2.50455634e-09  5.36050000e-09  2.46787057e-09 
 5.36150000e-09  9.89536435e-01  5.36150000e-09  2.53248672e-09  5.36150000e-09  2.46714943e-09 
 5.36250000e-09  9.37333123e-01  5.36250000e-09  2.50607735e-09  5.36250000e-09  2.46785942e-09 
 5.36350000e-09  8.85043961e-01  5.36350000e-09  2.53204649e-09  5.36350000e-09  2.46715587e-09 
 5.94450000e-09  9.40351994e-01  5.94450000e-09  2.59918434e-09  5.94450000e-09  2.47369913e-09 
 5.94550000e-09  9.77381077e-01  5.94550000e-09  2.49228971e-09  5.94550000e-09  2.46122528e-09 
 5.94650000e-09  1.01414099e+00  5.94650000e-09  2.49523352e-09  5.94650000e-09  2.47362841e-09 
 5.94750000e-09  1.05055281e+00  5.94750000e-09  2.48958826e-09  5.94750000e-09  2.46150283e-09 
 5.94850000e-09  1.08658558e+00  5.94850000e-09  2.66862826e-09  5.94850000e-09  2.47384979e-09 
 5.94950000e-09  1.12232516e+00  5.94950000e-09  2.66603403e-09  5.94950000e-09  2.46141363e-09 
 6.48050000e-09  1.14986022e+00  6.48050000e-09  2.48186341e-09  6.48050000e-09  2.46677745e-09 
 6.48150000e-09  1.09754999e+00  6.48150000e-09  2.50655713e-09  6.48150000e-09  2.46822757e-09 
 6.48250000e-09  1.04535246e+00  6.48250000e-09  2.48387513e-09  6.48250000e-09  2.46677845e-09 
 6.48350000e-09  9.93172087e-01  6.48350000e-09  2.50813564e-09  6.48350000e-09  2.46822396e-09 
 6.48450000e-09  9.40971073e-01  6.48450000e-09  2.48550766e-09  6.48450000e-09  2.46678056e-09 
 6.48550000e-09  8.88689518e-01  6.48550000e-09  2.50820986e-09  6.48550000e-09  2.46822041e-09 
 7.06650000e-09  9.38177497e-01  7.06650000e-09  2.58449279e-09  7.06650000e-09  2.47525000e-09 
 7.06750000e-09  9.75221879e-01  7.06750000e-09  2.47645168e-09  7.06750000e-09  2.45967358e-09 
 7.06850000e-09  1.01200177e+00  7.06850000e-09  2.47728202e-09  7.06850000e-09  2.47516085e-09 
 7.06950000e-09  1.04843493e+00  7.06950000e-09  2.47649254e-09  7.06950000e-09  2.45997800e-09 
 7.07050000e-09  1.08448756e+00  7.07050000e-09  2.64838645e-09  7.07050000e-09  2.47535514e-09 
 7.07150000e-09  1.12023940e+00  7.07150000e-09  2.64799285e-09  7.07150000e-09  2.45990273e-09 
 7.60250000e-09  1.15247320e+00  7.60250000e-09  2.47324056e-09  7.60250000e-09  2.46564547e-09 
 7.60350000e-09  1.10015791e+00  7.60350000e-09  2.49405624e-09  7.60350000e-09  2.46935111e-09 
 7.60450000e-09  1.04795562e+00  7.60450000e-09  2.47528764e-09  7.60450000e-09  2.46566151e-09 
 7.60550000e-09  9.95775847e-01  7.60550000e-09  2.49564189e-09  7.60550000e-09  2.46933363e-09 
 7.60650000e-09  9.43576805e-01  7.60650000e-09  2.47682122e-09  7.60650000e-09  2.46567450e-09 
 7.60750000e-09  8.91299983e-01  7.60750000e-09  2.49566084e-09  7.60750000e-09  2.46931720e-09 
 8.18850000e-09  9.36249073e-01  8.18850000e-09  2.57768465e-09  8.18850000e-09  2.47491372e-09 
 8.18950000e-09  9.73304862e-01  8.18950000e-09  2.47075763e-09  8.18950000e-09  2.46002008e-09 
 8.19050000e-09  1.01010084e+00  8.19050000e-09  2.46869622e-09  8.19050000e-09  2.47480153e-09 
 8.19150000e-09  1.04655363e+00  8.19150000e-09  2.46289952e-09  8.19150000e-09  2.46030857e-09 
 8.19250000e-09  1.08262461e+00  8.19250000e-09  2.63239833e-09  8.19250000e-09  2.47501231e-09 
 8.19350000e-09  1.11838825e+00  8.19350000e-09  2.63736516e-09  8.19350000e-09  2.46026138e-09 
 8.72450000e-09  1.15537381e+00  8.72450000e-09  2.46939949e-09  8.72450000e-09  2.46448756e-09 
 8.72550000e-09  1.10305305e+00  8.72550000e-09  2.48605000e-09  8.72550000e-09  2.47049764e-09 
 8.72650000e-09  1.05084550e+00  8.72650000e-09  2.47140672e-09  8.72650000e-09  2.46451703e-09 
 8.72750000e-09  9.98666439e-01  8.72750000e-09  2.48762702e-09  8.72750000e-09  2.47046694e-09 
 8.72850000e-09  9.46469612e-01  8.72850000e-09  2.47291282e-09  8.72850000e-09  2.46454412e-09 
 8.72950000e-09  8.94198146e-01  8.72950000e-09  2.48766785e-09  8.72950000e-09  2.47043896e-09 
 9.31050000e-09  9.34120553e-01  9.31050000e-09  2.57319038e-09  9.31050000e-09  2.47629994e-09 
 9.31150000e-09  9.71188429e-01  9.31150000e-09  2.47053650e-09  9.31150000e-09  2.45864623e-09 
 9.31250000e-09  1.00800172e+00  9.31250000e-09  2.46267870e-09  9.31250000e-09  2.47616144e-09 
 9.31350000e-09  1.04447601e+00  9.31350000e-09  2.45378759e-09  9.31350000e-09  2.45893927e-09 
 9.31450000e-09  1.08056738e+00  9.31450000e-09  2.61979910e-09  9.31450000e-09  2.47636672e-09 
 9.31550000e-09  1.11634452e+00  9.31550000e-09  2.63148495e-09  9.31550000e-09  2.45892362e-09 
 9.84650000e-09  1.15824270e+00  9.84650000e-09  2.47067250e-09  9.84650000e-09  2.46356030e-09 
 9.84750000e-09  1.10591641e+00  9.84750000e-09  2.48100973e-09  9.84750000e-09  2.47141685e-09 
 9.84850000e-09  1.05370350e+00  9.84850000e-09  2.47255855e-09  9.84850000e-09  2.46360149e-09 
 9.84950000e-09  1.00152497e+00  9.84950000e-09  2.48252827e-09  9.84950000e-09  2.47137777e-09 
 9.85050000e-09  9.49330178e-01  9.85050000e-09  2.47391876e-09  9.85050000e-09  2.46363896e-09 
 9.85150000e-09  8.97063939e-01  9.85150000e-09  2.48251236e-09  9.85150000e-09  2.47133575e-09 
 1.04325000e-08  9.31811287e-01  1.04325000e-08  2.56969110e-09  1.04325000e-08  2.47738441e-09 
 1.04335000e-08  9.68892474e-01  1.04335000e-08  2.47331491e-09  1.04335000e-08  2.45757431e-09 
 1.04345000e-08  1.00572452e+00  1.04345000e-08  2.45846618e-09  1.04345000e-08  2.47722681e-09 
 1.04355000e-08  1.04222221e+00  1.04355000e-08  2.44706150e-09  1.04355000e-08  2.45786547e-09 
 1.04365000e-08  1.07833609e+00  1.04365000e-08  2.60767169e-09  1.04365000e-08  2.47743009e-09 
 1.04375000e-08  1.11412873e+00  1.04375000e-08  2.62739122e-09  1.04375000e-08  2.45788123e-09 
 1.09415000e-08  2.05287099e+00  1.09415000e-08  2.46789666e-09  1.09415000e-08  2.47151000e-09 
 1.09685000e-08  1.16140750e+00  1.09685000e-08  2.47590237e-09  1.09685000e-08  2.46404902e-09 
 1.09695000e-08  1.10907501e+00  1.09695000e-08  2.47254250e-09  1.09695000e-08  2.47092902e-09 
 1.09705000e-08  1.05685598e+00  1.09705000e-08  2.47765816e-09  1.09705000e-08  2.46408782e-09 
 1.09715000e-08  1.00467784e+00  1.09715000e-08  2.47410500e-09  1.09715000e-08  2.47088999e-09 
 1.09725000e-08  9.52485118e-01  1.09725000e-08  2.47886064e-09  1.09725000e-08  2.46412518e-09 
 1.09735000e-08  9.00224568e-01  1.09735000e-08  2.47418447e-09  1.09735000e-08  2.47085319e-09 
 1.15545000e-08  9.29627453e-01  1.15545000e-08  2.56583677e-09  1.15545000e-08  2.47627063e-09 
 1.15555000e-08  9.66720373e-01  1.15555000e-08  2.47855833e-09  1.15555000e-08  2.45868781e-09 
 1.15565000e-08  1.00356948e+00  1.15565000e-08  2.45474469e-09  1.15565000e-08  2.47611326e-09 
 1.15575000e-08  1.04008892e+00  1.15575000e-08  2.44345030e-09  1.15575000e-08  2.45895659e-09 
 1.15585000e-08  1.07622411e+00  1.15585000e-08  2.59575458e-09  1.15585000e-08  2.47633264e-09 
 1.15595000e-08  1.11203179e+00  1.15595000e-08  2.62681024e-09  1.15595000e-08  2.45898507e-09 
 1.20905000e-08  1.16463221e+00  1.20905000e-08  2.47997439e-09  1.20905000e-08  2.46393689e-09 
 1.20915000e-08  1.11229328e+00  1.20915000e-08  2.46601356e-09  1.20915000e-08  2.47104026e-09 
 1.20925000e-08  1.06006780e+00  1.20925000e-08  2.48164617e-09  1.20925000e-08  2.46398235e-09 
 1.20935000e-08  1.00788985e+00  1.20935000e-08  2.46759713e-09  1.20935000e-08  2.47099113e-09 
 1.20945000e-08  9.55699019e-01  1.20945000e-08  2.48268187e-09  1.20945000e-08  2.46402021e-09 
 1.20955000e-08  9.03444170e-01  1.20955000e-08  2.46773901e-09  1.20955000e-08  2.47095355e-09 
 1.26765000e-08  9.27334743e-01  1.26765000e-08  2.56291405e-09  1.26765000e-08  2.47489029e-09 
 1.26775000e-08  9.64439709e-01  1.26775000e-08  2.48535070e-09  1.26775000e-08  2.46006865e-09 
 1.26785000e-08  1.00130640e+00  1.26785000e-08  2.45231044e-09  1.26785000e-08  2.47473347e-09 
 1.26795000e-08  1.03784853e+00  1.26795000e-08  2.44075968e-09  1.26795000e-08  2.46031145e-09 
 1.26805000e-08  1.07400627e+00  1.26805000e-08  2.58394772e-09  1.26805000e-08  2.47497223e-09 
 1.26815000e-08  1.10983035e+00  1.26815000e-08  2.62659344e-09  1.26815000e-08  2.46035253e-09 
 1.32125000e-08  1.16785297e+00  1.32125000e-08  2.48692381e-09  1.32125000e-08  2.46313370e-09 
 1.32135000e-08  1.11550766e+00  1.32135000e-08  2.45797568e-09  1.32135000e-08  2.47183329e-09 
 1.32145000e-08  1.06327567e+00  1.32145000e-08  2.48857007e-09  1.32145000e-08  2.46318943e-09 
 1.32155000e-08  1.01109783e+00  1.32155000e-08  2.45969339e-09  1.32155000e-08  2.47178122e-09 
 1.32165000e-08  9.58908811e-01  1.32165000e-08  2.48843710e-09  1.32165000e-08  2.46324156e-09 
 1.32175000e-08  9.06659671e-01  1.32175000e-08  2.45866780e-09  1.32175000e-08  2.47172388e-09 
 1.37985000e-08  9.24936736e-01  1.37985000e-08  2.55759328e-09  1.37985000e-08  2.47442389e-09 
 1.37995000e-08  9.62053939e-01  1.37995000e-08  2.49347981e-09  1.37995000e-08  2.46054005e-09 
 1.38005000e-08  9.98938622e-01  1.38005000e-08  2.44844839e-09  1.38005000e-08  2.47425985e-09 
 1.38015000e-08  1.03550423e+00  1.38015000e-08  2.43997986e-09  1.38015000e-08  2.46076526e-09 
 1.38025000e-08  1.07168571e+00  1.38025000e-08  2.56971514e-09  1.38025000e-08  2.47450338e-09 
 1.38035000e-08  1.10752757e+00  1.38035000e-08  2.62793382e-09  1.38035000e-08  2.46083176e-09 
 1.43345000e-08  1.17158340e+00  1.43345000e-08  2.49389812e-09  1.43345000e-08  2.46152082e-09 
 1.43355000e-08  1.11923043e+00  1.43355000e-08  2.44952156e-09  1.43355000e-08  2.47343485e-09 
 1.43365000e-08  1.06699041e+00  1.43365000e-08  2.49514742e-09  1.43365000e-08  2.46159859e-09 
 1.43375000e-08  1.01481231e+00  1.43375000e-08  2.45121856e-09  1.43375000e-08  2.47336096e-09 
 1.43385000e-08  9.62624937e-01  1.43385000e-08  2.49476848e-09  1.43385000e-08  2.46167015e-09 
 1.43395000e-08  9.10382193e-01  1.43395000e-08  2.45053916e-09  1.43395000e-08  2.47328608e-09 
 1.49205000e-08  9.22293634e-01  1.49205000e-08  2.54564961e-09  1.49205000e-08  2.47257975e-09 
 1.49215000e-08  9.59423414e-01  1.49215000e-08  2.50606541e-09  1.49215000e-08  2.46238724e-09 
 1.49225000e-08  9.96321747e-01  1.49225000e-08  2.44048518e-09  1.49225000e-08  2.47242493e-09 
 1.49235000e-08  1.03290876e+00  1.49235000e-08  2.44148660e-09  1.49235000e-08  2.46257398e-09 
 1.49245000e-08  1.06911792e+00  1.49245000e-08  2.54557272e-09  1.49245000e-08  2.47267451e-09 
 1.49255000e-08  1.10498088e+00  1.49255000e-08  2.63320446e-09  1.49255000e-08  2.46266635e-09 
 1.54565000e-08  1.17551790e+00  1.54565000e-08  2.49991819e-09  1.54565000e-08  2.45992882e-09 
 1.54575000e-08  1.12315671e+00  1.54575000e-08  2.44882467e-09  1.54575000e-08  2.47501192e-09 
 1.54585000e-08  1.07090790e+00  1.54585000e-08  2.49865562e-09  1.54585000e-08  2.46002307e-09 
 1.54595000e-08  1.01872922e+00  1.54595000e-08  2.44917320e-09  1.54595000e-08  2.47492460e-09 
 1.54605000e-08  9.66543254e-01  1.54605000e-08  2.49756144e-09  1.54605000e-08  2.46011378e-09 
 1.54615000e-08  9.14307105e-01  1.54615000e-08  2.44831153e-09  1.54615000e-08  2.47483423e-09 
 1.60000000e-08 -1.01056048e-02  1.60000000e-08  2.65682418e-09  1.60000000e-08  2.47257181e-09 
