 time            v(b_out)        time            v(u_puf_u_core_sel_ro) time            v(q)           
 0.00000000e+00  4.68653885e-09  0.00000000e+00  2.46749735e-09  0.00000000e+00  2.46749746e-09 
 1.00150000e-09  4.68653923e-09  1.00150000e-09  3.68790123e-05  1.00150000e-09  6.00721751e-04 
 2.57750000e-09  9.09980412e-01  2.57750000e-09  2.96475647e-09  2.57750000e-09  2.46768772e-09 
 2.57850000e-09  9.51168038e-01  2.57850000e-09  2.96594219e-09  2.57850000e-09  2.46768922e-09 
 2.57950000e-09  9.91831133e-01  2.57950000e-09  2.96718766e-09  2.57950000e-09  2.46768661e-09 
 2.58050000e-09  1.03200961e+00  2.58050000e-09  2.96780728e-09  2.58050000e-09  2.46768511e-09 
 2.58150000e-09  1.07176927e+00  2.58150000e-09  2.96754171e-09  2.58150000e-09  2.46768261e-09 
 2.58250000e-09  1.11120898e+00  2.58250000e-09  2.96595840e-09  2.58250000e-09  2.46768189e-09 
 3.11450000e-09  1.13505487e+00  3.11450000e-09  2.70727873e-09  3.11450000e-09  2.47364618e-09 
 3.11550000e-09  1.08308250e+00  3.11550000e-09  2.71956271e-09  3.11550000e-09  2.46154197e-09 
 3.11650000e-09  1.03139390e+00  3.11650000e-09  2.70791051e-09  3.11650000e-09  2.47358045e-09 
 3.11750000e-09  9.79883360e-01  3.11750000e-09  2.72013545e-09  3.11750000e-09  2.46160908e-09 
 3.11850000e-09  9.28527755e-01  3.11850000e-09  2.70847866e-09  3.11850000e-09  2.47351334e-09 
 3.11950000e-09  8.77255150e-01  3.11950000e-09  2.72048750e-09  3.11950000e-09  2.46167253e-09 
 3.69950000e-09  9.07228078e-01  3.69950000e-09  2.80897314e-09  3.69950000e-09  2.45861181e-09 
 3.70050000e-09  9.48451626e-01  3.70050000e-09  2.82934248e-09  3.70050000e-09  2.47642545e-09 
 3.70150000e-09  9.89148353e-01  3.70150000e-09  2.80196347e-09  3.70150000e-09  2.45869475e-09 
 3.70250000e-09  1.02935737e+00  3.70250000e-09  2.82047230e-09  3.70250000e-09  2.47633614e-09 
 3.70350000e-09  1.06914220e+00  3.70350000e-09  2.79228415e-09  3.70350000e-09  2.45877596e-09 
 3.70450000e-09  1.10859956e+00  3.70450000e-09  2.80967974e-09  3.70450000e-09  2.47624959e-09 
 4.23650000e-09  1.13860033e+00  4.23650000e-09  2.56943233e-09  4.23650000e-09  2.47842569e-09 
 4.23750000e-09  1.08660627e+00  4.23750000e-09  2.54318436e-09  4.23750000e-09  2.45666609e-09 
 4.23850000e-09  1.03490312e+00  4.23850000e-09  2.56908492e-09  4.23850000e-09  2.47832332e-09 
 4.23950000e-09  9.83380170e-01  4.23950000e-09  2.54431934e-09  4.23950000e-09  2.45677301e-09 
 4.24050000e-09  9.32017798e-01  4.24050000e-09  2.56981572e-09  4.24050000e-09  2.47821796e-09 
 4.24150000e-09  8.80738444e-01  4.24150000e-09  2.54567400e-09  4.24150000e-09  2.45687565e-09 
 4.82150000e-09  9.04957027e-01  4.82150000e-09  2.72685230e-09  4.82150000e-09  2.45774207e-09 
 4.82250000e-09  9.46210262e-01  4.82250000e-09  2.74610579e-09  4.82250000e-09  2.47723836e-09 
 4.82350000e-09  9.86934886e-01  4.82350000e-09  2.72001799e-09  4.82350000e-09  2.45783482e-09 
 4.82450000e-09  1.02716929e+00  4.82450000e-09  2.73741407e-09  4.82450000e-09  2.47714010e-09 
 4.82550000e-09  1.06697520e+00  4.82550000e-09  2.71061193e-09  4.82550000e-09  2.45792603e-09 
 4.82650000e-09  1.10644751e+00  4.82650000e-09  2.72677156e-09  4.82650000e-09  2.47704640e-09 
 5.35850000e-09  1.14093766e+00  5.35850000e-09  2.51823642e-09  5.35850000e-09  2.47973875e-09 
 5.35950000e-09  1.08892895e+00  5.35950000e-09  2.49969573e-09  5.35950000e-09  2.45534404e-09 
 5.36050000e-09  1.03721591e+00  5.36050000e-09  2.51801355e-09  5.36050000e-09  2.47960968e-09 
 5.36150000e-09  9.85684468e-01  5.36150000e-09  2.49859006e-09  5.36150000e-09  2.45546311e-09 
 5.36250000e-09  9.34317369e-01  5.36250000e-09  2.51948504e-09  5.36250000e-09  2.47949505e-09 
 5.36350000e-09  8.83033535e-01  5.36350000e-09  2.50230697e-09  5.36350000e-09  2.45558457e-09 
 5.94450000e-09  9.43734139e-01  5.94450000e-09  2.71284634e-09  5.94450000e-09  2.47760684e-09 
 5.94550000e-09  9.84489695e-01  5.94550000e-09  2.68860925e-09  5.94550000e-09  2.45745241e-09 
 5.94650000e-09  1.02475233e+00  5.94650000e-09  2.70428022e-09  5.94650000e-09  2.47750465e-09 
 5.94750000e-09  1.06458181e+00  5.94750000e-09  2.67941111e-09  5.94750000e-09  2.45754972e-09 
 5.94850000e-09  1.10407106e+00  5.94850000e-09  2.69373462e-09  5.94850000e-09  2.47740600e-09 
 5.94950000e-09  1.14334652e+00  5.94950000e-09  2.66928366e-09  5.94950000e-09  2.45764747e-09 
 6.48050000e-09  1.14419575e+00  6.48050000e-09  2.49533294e-09  6.48050000e-09  2.48102217e-09 
 6.48150000e-09  1.09216932e+00  6.48150000e-09  2.48222928e-09  6.48150000e-09  2.45403947e-09 
 6.48250000e-09  1.04043991e+00  6.48250000e-09  2.49362317e-09  6.48250000e-09  2.48089504e-09 
 6.48350000e-09  9.88898990e-01  6.48350000e-09  2.48047557e-09  6.48350000e-09  2.45418991e-09 
 6.48450000e-09  9.37523072e-01  6.48450000e-09  2.49504986e-09  6.48450000e-09  2.48075205e-09 
 6.48550000e-09  8.86234878e-01  6.48550000e-09  2.48442178e-09  6.48550000e-09  2.45431381e-09 
 7.06650000e-09  9.41733075e-01  7.06650000e-09  2.69500122e-09  7.06650000e-09  2.47786358e-09 
 7.06750000e-09  9.82513769e-01  7.06750000e-09  2.67353820e-09  7.06750000e-09  2.45720017e-09 
 7.06850000e-09  1.02279970e+00  7.06850000e-09  2.68692066e-09  7.06850000e-09  2.47776444e-09 
 7.06950000e-09  1.06264817e+00  7.06950000e-09  2.66488942e-09  7.06950000e-09  2.45729981e-09 
 7.07050000e-09  1.10215173e+00  7.07050000e-09  2.67649908e-09  7.07050000e-09  2.47764370e-09 
 7.07150000e-09  1.14143403e+00  7.07150000e-09  2.65478881e-09  7.07150000e-09  2.45739046e-09 
 7.60250000e-09  1.14654717e+00  7.60250000e-09  2.47813306e-09  7.60250000e-09  2.48052606e-09 
 7.60350000e-09  1.09450764e+00  7.60350000e-09  2.47800333e-09  7.60350000e-09  2.45454324e-09 
 7.60450000e-09  1.04276592e+00  7.60450000e-09  2.47836784e-09  7.60450000e-09  2.48038962e-09 
 7.60550000e-09  9.91217869e-01  7.60550000e-09  2.47886206e-09  7.60550000e-09  2.45467874e-09 
 7.60650000e-09  9.39835218e-01  7.60650000e-09  2.47666468e-09  7.60650000e-09  2.48025112e-09 
 7.60750000e-09  8.88543702e-01  7.60750000e-09  2.47697191e-09  7.60750000e-09  2.45481291e-09 
 8.18850000e-09  9.39557674e-01  8.18850000e-09  2.68574854e-09  8.18850000e-09  2.47818632e-09 
 8.18950000e-09  9.80364954e-01  8.18950000e-09  2.66613437e-09  8.18950000e-09  2.45686976e-09 
 8.19050000e-09  1.02067638e+00  8.19050000e-09  2.67731171e-09  8.19050000e-09  2.47807308e-09 
 8.19150000e-09  1.06054558e+00  8.19150000e-09  2.65709477e-09  8.19150000e-09  2.45697318e-09 
 8.19250000e-09  1.10006506e+00  8.19250000e-09  2.66671010e-09  8.19250000e-09  2.47796778e-09 
 8.19350000e-09  1.13935504e+00  8.19350000e-09  2.64698563e-09  8.19350000e-09  2.45708065e-09 
 8.72450000e-09  1.14935008e+00  8.72450000e-09  2.46494089e-09  8.72450000e-09  2.47964516e-09 
 8.72550000e-09  1.09729506e+00  8.72550000e-09  2.48009160e-09  8.72550000e-09  2.45541953e-09 
 8.72650000e-09  1.04553871e+00  8.72650000e-09  2.46522730e-09  8.72650000e-09  2.47951443e-09 
 8.72750000e-09  9.93982216e-01  8.72750000e-09  2.48079124e-09  8.72750000e-09  2.45555021e-09 
 8.72850000e-09  9.42591618e-01  8.72850000e-09  2.46565154e-09  8.72850000e-09  2.47938448e-09 
 8.72950000e-09  8.91296251e-01  8.72950000e-09  2.48149470e-09  8.72950000e-09  2.45567866e-09 
 9.31050000e-09  9.37229201e-01  9.31050000e-09  2.67954700e-09  9.31050000e-09  2.47850174e-09 
 9.31150000e-09  9.78065766e-01  9.31150000e-09  2.66182962e-09  9.31150000e-09  2.45655496e-09 
 9.31250000e-09  1.01840428e+00  9.31250000e-09  2.67113182e-09  9.31250000e-09  2.47838788e-09 
 9.31350000e-09  1.05829628e+00  9.31350000e-09  2.65290251e-09  9.31350000e-09  2.45666321e-09 
 9.31450000e-09  1.09783281e+00  9.31450000e-09  2.66056127e-09  9.31450000e-09  2.47827781e-09 
 9.31550000e-09  1.13713177e+00  9.31550000e-09  2.64286462e-09  9.31550000e-09  2.45677295e-09 
 9.84650000e-09  1.15224104e+00  9.84650000e-09  2.45935783e-09  9.84650000e-09  2.47930970e-09 
 9.84750000e-09  1.10016990e+00  9.84750000e-09  2.48720655e-09  9.84750000e-09  2.45575293e-09 
 9.84850000e-09  1.04839827e+00  9.84850000e-09  2.45948364e-09  9.84850000e-09  2.47917870e-09 
 9.84950000e-09  9.96832886e-01  9.84950000e-09  2.48759444e-09  9.84950000e-09  2.45588416e-09 
 9.85050000e-09  9.45433975e-01  9.85050000e-09  2.45972925e-09  9.85050000e-09  2.47904836e-09 
 9.85150000e-09  8.94134559e-01  9.85150000e-09  2.48798634e-09  9.85150000e-09  2.45601284e-09 
 1.04325000e-08  9.34811378e-01  1.04325000e-08  2.67493286e-09  1.04325000e-08  2.47905002e-09 
 1.04335000e-08  9.75678730e-01  1.04335000e-08  2.65990649e-09  1.04335000e-08  2.45601067e-09 
 1.04345000e-08  1.01604526e+00  1.04345000e-08  2.66655095e-09  1.04345000e-08  2.47892989e-09 
 1.04355000e-08  1.05596146e+00  1.04355000e-08  2.65105479e-09  1.04355000e-08  2.45612453e-09 
 1.04365000e-08  1.09551581e+00  1.04365000e-08  2.65596833e-09  1.04365000e-08  2.47881321e-09 
 1.04375000e-08  1.13482485e+00  1.04375000e-08  2.64103078e-09  1.04375000e-08  2.45623966e-09 
 1.09415000e-08  2.05291374e+00  1.09415000e-08  2.48776014e-09  1.09415000e-08  2.45452525e-09 
 1.09685000e-08  1.15527801e+00  1.09685000e-08  2.45179566e-09  1.09685000e-08  2.47859822e-09 
 1.09695000e-08  1.10318979e+00  1.09695000e-08  2.49469387e-09  1.09695000e-08  2.45646214e-09 
 1.09705000e-08  1.05140190e+00  1.09705000e-08  2.45176723e-09  1.09705000e-08  2.47846960e-09 
 1.09715000e-08  9.99826975e-01  1.09715000e-08  2.49478763e-09  1.09715000e-08  2.45659060e-09 
 1.09725000e-08  9.48419196e-01  1.09725000e-08  2.45193399e-09  1.09725000e-08  2.47834414e-09 
 1.09735000e-08  8.97115447e-01  1.09735000e-08  2.49493196e-09  1.09735000e-08  2.45671722e-09 
 1.15545000e-08  9.32562042e-01  1.15545000e-08  2.67156017e-09  1.15545000e-08  2.47966814e-09 
 1.15555000e-08  9.73458108e-01  1.15555000e-08  2.65951397e-09  1.15555000e-08  2.45539578e-09 
 1.15565000e-08  1.01385084e+00  1.15565000e-08  2.66338093e-09  1.15565000e-08  2.47953935e-09 
 1.15575000e-08  1.05378981e+00  1.15575000e-08  2.65072331e-09  1.15575000e-08  2.45551679e-09 
 1.15585000e-08  1.09336235e+00  1.15585000e-08  2.65269959e-09  1.15585000e-08  2.47941606e-09 
 1.15595000e-08  1.13268248e+00  1.15595000e-08  2.64060632e-09  1.15595000e-08  2.45563919e-09 
 1.20905000e-08  1.15829689e+00  1.20905000e-08  2.44609810e-09  1.20905000e-08  2.47778870e-09 
 1.20915000e-08  1.10619155e+00  1.20915000e-08  2.50290691e-09  1.20915000e-08  2.45726933e-09 
 1.20925000e-08  1.05438727e+00  1.20925000e-08  2.44595405e-09  1.20925000e-08  2.47766613e-09 
 1.20935000e-08  1.00280266e+00  1.20935000e-08  2.50273657e-09  1.20935000e-08  2.45739268e-09 
 1.20945000e-08  9.51385917e-01  1.20945000e-08  2.44603429e-09  1.20945000e-08  2.47754389e-09 
 1.20955000e-08  9.00077772e-01  1.20955000e-08  2.50263762e-09  1.20955000e-08  2.45751403e-09 
 1.26765000e-08  9.30174451e-01  1.26765000e-08  2.66931138e-09  1.26765000e-08  2.47943788e-09 
 1.26775000e-08  9.71101120e-01  1.26775000e-08  2.65892874e-09  1.26775000e-08  2.45562548e-09 
 1.26785000e-08  1.01152184e+00  1.26785000e-08  2.66120057e-09  1.26785000e-08  2.47931092e-09 
 1.26795000e-08  1.05148522e+00  1.26795000e-08  2.65021288e-09  1.26795000e-08  2.45574527e-09 
 1.26805000e-08  1.09107608e+00  1.26805000e-08  2.65047875e-09  1.26805000e-08  2.47918830e-09 
 1.26815000e-08  1.13040705e+00  1.26815000e-08  2.64008795e-09  1.26815000e-08  2.45586790e-09 
 1.32125000e-08  1.16131125e+00  1.32125000e-08  2.44009515e-09  1.32125000e-08  2.47651843e-09 
 1.32135000e-08  1.10918886e+00  1.32135000e-08  2.50807561e-09  1.32135000e-08  2.45853449e-09 
 1.32145000e-08  1.05736815e+00  1.32145000e-08  2.43981782e-09  1.32145000e-08  2.47640392e-09 
 1.32155000e-08  1.00577381e+00  1.32155000e-08  2.50755186e-09  1.32155000e-08  2.45864712e-09 
 1.32165000e-08  9.54348098e-01  1.32165000e-08  2.43968934e-09  1.32165000e-08  2.47629134e-09 
 1.32175000e-08  9.03035593e-01  1.32175000e-08  2.50713234e-09  1.32175000e-08  2.45875914e-09 
 1.37985000e-08  9.27646059e-01  1.37985000e-08  2.66720535e-09  1.37985000e-08  2.47655041e-09 
 1.37995000e-08  9.68605208e-01  1.37995000e-08  2.65938768e-09  1.37995000e-08  2.45849729e-09 
 1.38005000e-08  1.00905570e+00  1.38005000e-08  2.65924718e-09  1.38005000e-08  2.47645132e-09 
 1.38015000e-08  1.04904520e+00  1.38015000e-08  2.65064762e-09  1.38015000e-08  2.45858861e-09 
 1.38025000e-08  1.08865581e+00  1.38025000e-08  2.64856972e-09  1.38025000e-08  2.47635706e-09 
 1.38035000e-08  1.12799874e+00  1.38035000e-08  2.64042219e-09  1.38035000e-08  2.45868226e-09 
 1.43345000e-08  1.16494924e+00  1.43345000e-08  2.43077591e-09  1.43345000e-08  2.47312471e-09 
 1.43355000e-08  1.11280591e+00  1.43355000e-08  2.49969440e-09  1.43355000e-08  2.46191423e-09 
 1.43365000e-08  1.06096487e+00  1.43365000e-08  2.43069037e-09  1.43365000e-08  2.47303872e-09 
 1.43375000e-08  1.00935834e+00  1.43375000e-08  2.49775486e-09  1.43375000e-08  2.46198989e-09 
 1.43385000e-08  9.57921443e-01  1.43385000e-08  2.43232279e-09  1.43385000e-08  2.47297005e-09 
 1.43395000e-08  9.06603414e-01  1.43395000e-08  2.50025819e-09  1.43395000e-08  2.46206905e-09 
 1.49205000e-08  9.24755011e-01  1.49205000e-08  2.66534100e-09  1.49205000e-08  2.47322879e-09 
 1.49215000e-08  9.65751399e-01  1.49215000e-08  2.65943295e-09  1.49215000e-08  2.46180215e-09 
 1.49225000e-08  1.00623614e+00  1.49225000e-08  2.65739258e-09  1.49225000e-08  2.47316373e-09 
 1.49235000e-08  1.04625581e+00  1.49235000e-08  2.65079758e-09  1.49235000e-08  2.46186105e-09 
 1.49245000e-08  1.08588948e+00  1.49245000e-08  2.64702407e-09  1.49245000e-08  2.47310245e-09 
 1.49255000e-08  1.12524666e+00  1.49255000e-08  2.64071642e-09  1.49255000e-08  2.46192183e-09 
 1.54565000e-08  1.16885419e+00  1.54565000e-08  2.42078296e-09  1.54565000e-08  2.46979326e-09 
 1.54575000e-08  1.11668815e+00  1.54575000e-08  2.48771698e-09  1.54575000e-08  2.46522236e-09 
 1.54585000e-08  1.06482495e+00  1.54585000e-08  2.42197384e-09  1.54585000e-08  2.46975185e-09 
 1.54595000e-08  1.01320497e+00  1.54595000e-08  2.48832191e-09  1.54595000e-08  2.46526566e-09 
 1.54605000e-08  9.61755820e-01  1.54605000e-08  2.42313336e-09  1.54605000e-08  2.46970927e-09 
 1.54615000e-08  9.10431682e-01  1.54615000e-08  2.48889151e-09  1.54615000e-08  2.46530657e-09 
 1.60000000e-08 -1.00064240e-02  1.60000000e-08  3.03887160e-09  1.60000000e-08  2.47040438e-09 
