 time            v(b_out)        time            v(u_puf_u_core_sel_ro) time            v(q)           
 0.00000000e+00  4.68653885e-09  0.00000000e+00  2.46749735e-09  0.00000000e+00  2.46749746e-09 
 1.00150000e-09  4.68661150e-09  1.00150000e-09  3.68790121e-05  1.00150000e-09  6.00721750e-04 
 2.57750000e-09  9.09165354e-01  2.57750000e-09  2.77507944e-09  2.57750000e-09  2.46800075e-09 
 2.57850000e-09  9.50762293e-01  2.57850000e-09  2.95361927e-09  2.57850000e-09  2.46798848e-09 
 2.57950000e-09  9.91971533e-01  2.57950000e-09  3.16501197e-09  2.57950000e-09  2.46793674e-09 
 2.58050000e-09  1.03279941e+00  2.58050000e-09  3.33860664e-09  2.58050000e-09  2.46775672e-09 
 2.58150000e-09  1.07325856e+00  2.58150000e-09  3.38028561e-09  2.58150000e-09  2.46748960e-09 
 2.58250000e-09  1.11334802e+00  2.58250000e-09  3.34079020e-09  2.58250000e-09  2.46740223e-09 
 3.11450000e-09  1.13416860e+00  3.11450000e-09  2.66031405e-09  3.11450000e-09  2.47151316e-09 
 3.11550000e-09  1.08210937e+00  3.11550000e-09  2.65654335e-09  3.11550000e-09  2.46371357e-09 
 3.11650000e-09  1.03035121e+00  3.11650000e-09  2.66934921e-09  3.11650000e-09  2.47148052e-09 
 3.11750000e-09  9.78793911e-01  3.11750000e-09  2.66130121e-09  3.11750000e-09  2.46372533e-09 
 3.11850000e-09  9.27415601e-01  3.11850000e-09  2.66597913e-09  3.11850000e-09  2.47141557e-09 
 3.11950000e-09  8.76145524e-01  3.11950000e-09  2.65407951e-09  3.11950000e-09  2.46375087e-09 
 3.69950000e-09  9.06742940e-01  3.69950000e-09  2.47406845e-09  3.69950000e-09  2.47088433e-09 
 3.70050000e-09  9.48363355e-01  3.70050000e-09  2.61816197e-09  3.70050000e-09  2.46477344e-09 
 3.70150000e-09  9.89594311e-01  3.70150000e-09  2.90368596e-09  3.70150000e-09  2.47092036e-09 
 3.70250000e-09  1.03044416e+00  3.70250000e-09  3.00556374e-09  3.70250000e-09  2.46446435e-09 
 3.70350000e-09  1.07092437e+00  3.70350000e-09  3.03412540e-09  3.70350000e-09  2.47031878e-09 
 3.70450000e-09  1.11103558e+00  3.70450000e-09  2.95157460e-09  3.70450000e-09  2.46424336e-09 
 4.23650000e-09  1.13727401e+00  4.23650000e-09  2.49647711e-09  4.23650000e-09  2.46999166e-09 
 4.23750000e-09  1.08519502e+00  4.23750000e-09  2.50040916e-09  4.23750000e-09  2.46511567e-09 
 4.23850000e-09  1.03342301e+00  4.23850000e-09  2.50595131e-09  4.23850000e-09  2.46997223e-09 
 4.23950000e-09  9.81853428e-01  4.23950000e-09  2.50569501e-09  4.23950000e-09  2.46511267e-09 
 4.24050000e-09  9.30467683e-01  4.24050000e-09  2.50265120e-09  4.24050000e-09  2.46992027e-09 
 4.24150000e-09  8.79190304e-01  4.24150000e-09  2.49827575e-09  4.24150000e-09  2.46512821e-09 
 4.82150000e-09  9.04659879e-01  4.82150000e-09  2.37007564e-09  4.82150000e-09  2.46956500e-09 
 4.82250000e-09  9.46300517e-01  4.82250000e-09  2.51685517e-09  4.82250000e-09  2.46605864e-09 
 4.82350000e-09  9.87550310e-01  4.82350000e-09  2.80024889e-09  4.82350000e-09  2.46960813e-09 
 4.82450000e-09  1.02841904e+00  4.82450000e-09  2.91319480e-09  4.82450000e-09  2.46574705e-09 
 4.82550000e-09  1.06891742e+00  4.82550000e-09  2.94629368e-09  4.82550000e-09  2.46901938e-09 
 4.82650000e-09  1.10904712e+00  4.82650000e-09  2.86873972e-09  4.82650000e-09  2.46549259e-09 
 5.35850000e-09  1.13909236e+00  5.35850000e-09  2.44434065e-09  5.35850000e-09  2.46951570e-09 
 5.35950000e-09  1.08700146e+00  5.35950000e-09  2.44925724e-09  5.35950000e-09  2.46555915e-09 
 5.36050000e-09  1.03522107e+00  5.36050000e-09  2.45377699e-09  5.36050000e-09  2.46950238e-09 
 5.36150000e-09  9.83644056e-01  5.36150000e-09  2.45544579e-09  5.36150000e-09  2.46555587e-09 
 5.36250000e-09  9.32253769e-01  5.36250000e-09  2.45008849e-09  5.36250000e-09  2.46945397e-09 
 5.36350000e-09  8.80971873e-01  5.36350000e-09  2.44606985e-09  5.36350000e-09  2.46556392e-09 
 5.94350000e-09  9.02895104e-01  5.94350000e-09  2.32883213e-09  5.94350000e-09  2.46842774e-09 
 5.94450000e-09  9.44552874e-01  5.94450000e-09  2.47772744e-09  5.94450000e-09  2.46718007e-09 
 5.94550000e-09  9.85818653e-01  5.94550000e-09  2.75921561e-09  5.94550000e-09  2.46848730e-09 
 5.94650000e-09  1.02670340e+00  5.94650000e-09  2.87983587e-09  5.94650000e-09  2.46686394e-09 
 5.94750000e-09  1.06721717e+00  5.94750000e-09  2.91470201e-09  5.94750000e-09  2.46790871e-09 
 5.94850000e-09  1.10736251e+00  5.94850000e-09  2.84018892e-09  5.94850000e-09  2.46658438e-09 
 6.48050000e-09  1.14177162e+00  6.48050000e-09  2.42178994e-09  6.48050000e-09  2.46927667e-09 
 6.48150000e-09  1.08966445e+00  6.48150000e-09  2.42669004e-09  6.48150000e-09  2.46578830e-09 
 6.48250000e-09  1.03787085e+00  6.48250000e-09  2.43096507e-09  6.48250000e-09  2.46926785e-09 
 6.48350000e-09  9.86283996e-01  6.48350000e-09  2.43350279e-09  6.48350000e-09  2.46578297e-09 
 6.48450000e-09  9.34886261e-01  6.48450000e-09  2.42756407e-09  6.48450000e-09  2.46922000e-09 
 6.48550000e-09  8.83598732e-01  6.48550000e-09  2.42433223e-09  6.48550000e-09  2.46578880e-09 
 7.06650000e-09  9.42765652e-01  7.06650000e-09  2.45333745e-09  7.06650000e-09  2.46912768e-09 
 7.06750000e-09  9.84047780e-01  7.06750000e-09  2.72819661e-09  7.06750000e-09  2.46654408e-09 
 7.06850000e-09  1.02494890e+00  7.06850000e-09  2.86624158e-09  7.06850000e-09  2.46882298e-09 
 7.06950000e-09  1.06547840e+00  7.06950000e-09  2.91473631e-09  7.06950000e-09  2.46600801e-09 
 7.07050000e-09  1.10563968e+00  7.07050000e-09  2.85236479e-09  7.07050000e-09  2.46849352e-09 
 7.07150000e-09  1.14542813e+00  7.07150000e-09  2.79991835e-09  7.07150000e-09  2.46600207e-09 
 7.60250000e-09  1.14382020e+00  7.60250000e-09  2.41001355e-09  7.60250000e-09  2.46908072e-09 
 7.60350000e-09  1.09170125e+00  7.60350000e-09  2.41467452e-09  7.60350000e-09  2.46597859e-09 
 7.60450000e-09  1.03989638e+00  7.60450000e-09  2.41902562e-09  7.60450000e-09  2.46907261e-09 
 7.60550000e-09  9.88302563e-01  7.60550000e-09  2.42212406e-09  7.60550000e-09  2.46597182e-09 
 7.60650000e-09  9.36898146e-01  7.60650000e-09  2.41576689e-09  7.60650000e-09  2.46902498e-09 
 7.60750000e-09  8.85606869e-01  7.60750000e-09  2.41299802e-09  7.60750000e-09  2.46597670e-09 
 8.18850000e-09  9.40810881e-01  8.18850000e-09  2.43768689e-09  8.18850000e-09  2.47020826e-09 
 8.18950000e-09  9.82110575e-01  8.18950000e-09  2.70676337e-09  8.18950000e-09  2.46546417e-09 
 8.19050000e-09  1.02303004e+00  8.19050000e-09  2.85538634e-09  8.19050000e-09  2.46991350e-09 
 8.19150000e-09  1.06357639e+00  8.19150000e-09  2.91041607e-09  8.19150000e-09  2.46495263e-09 
 8.19250000e-09  1.10375550e+00  8.19250000e-09  2.85345164e-09  8.19250000e-09  2.46955362e-09 
 8.19350000e-09  1.14356142e+00  8.19350000e-09  2.79864540e-09  8.19350000e-09  2.46493692e-09 
 8.72450000e-09  1.14654644e+00  8.72450000e-09  2.40314510e-09  8.72450000e-09  2.46879811e-09 
 8.72550000e-09  1.09441163e+00  8.72550000e-09  2.40778691e-09  8.72550000e-09  2.46625559e-09 
 8.72650000e-09  1.04259157e+00  8.72650000e-09  2.41147888e-09  8.72650000e-09  2.46879273e-09 
 8.72750000e-09  9.90988292e-01  8.72750000e-09  2.41565279e-09  8.72750000e-09  2.46624893e-09 
 8.72850000e-09  9.39574839e-01  8.72850000e-09  2.40868123e-09  8.72850000e-09  2.46874959e-09 
 8.72950000e-09  8.88278470e-01  8.72950000e-09  2.40712636e-09  8.72950000e-09  2.46625009e-09 
 9.31050000e-09  9.38435300e-01  9.31050000e-09  2.42245199e-09  9.31050000e-09  2.47213633e-09 
 9.31150000e-09  9.79756403e-01  9.31150000e-09  2.68357905e-09  9.31150000e-09  2.46354515e-09 
 9.31250000e-09  1.02069817e+00  9.31250000e-09  2.84496099e-09  9.31250000e-09  2.47184900e-09 
 9.31350000e-09  1.06126503e+00  9.31350000e-09  2.90265442e-09  9.31350000e-09  2.46305965e-09 
 9.31450000e-09  1.10146575e+00  9.31450000e-09  2.85214138e-09  9.31450000e-09  2.47144455e-09 
 9.31550000e-09  1.14129287e+00  9.31550000e-09  2.79558435e-09  9.31550000e-09  2.46305121e-09 
 9.84650000e-09  1.14953797e+00  9.84650000e-09  2.39868989e-09  9.84650000e-09  2.46853687e-09 
 9.84750000e-09  1.09738582e+00  9.84750000e-09  2.40390841e-09  9.84750000e-09  2.46651294e-09 
 9.84850000e-09  1.04554907e+00  9.84850000e-09  2.40616366e-09  9.84850000e-09  2.46853715e-09 
 9.84950000e-09  9.93935398e-01  9.84950000e-09  2.41303857e-09  9.84950000e-09  2.46650811e-09 
 9.85050000e-09  9.42512058e-01  9.85050000e-09  2.40535605e-09  9.85050000e-09  2.46849496e-09 
 9.85150000e-09  8.91210152e-01  9.85150000e-09  2.40553311e-09  9.85150000e-09  2.46650461e-09 
 1.04325000e-08  9.35763932e-01  1.04325000e-08  2.40841169e-09  1.04325000e-08  2.47402610e-09 
 1.04335000e-08  9.77108938e-01  1.04335000e-08  2.66067415e-09  1.04335000e-08  2.46166099e-09 
 1.04345000e-08  1.01807595e+00  1.04345000e-08  2.83556378e-09  1.04345000e-08  2.47374282e-09 
 1.04355000e-08  1.05866568e+00  1.04355000e-08  2.89634985e-09  1.04355000e-08  2.46120513e-09 
 1.04365000e-08  1.09889091e+00  1.04365000e-08  2.85242591e-09  1.04365000e-08  2.47329895e-09 
 1.04375000e-08  1.13874178e+00  1.04375000e-08  2.79355361e-09  1.04375000e-08  2.46120180e-09 
 1.09685000e-08  1.15264915e+00  1.09685000e-08  2.39508063e-09  1.09685000e-08  2.46817966e-09 
 1.09695000e-08  1.10047882e+00  1.09695000e-08  2.40123044e-09  1.09695000e-08  2.46686688e-09 
 1.09705000e-08  1.04862449e+00  1.09705000e-08  2.40194031e-09  1.09705000e-08  2.46818355e-09 
 1.09715000e-08  9.96999806e-01  1.09715000e-08  2.41115147e-09  1.09715000e-08  2.46685983e-09 
 1.09725000e-08  9.45566038e-01  1.09725000e-08  2.40161691e-09  1.09725000e-08  2.46814358e-09 
 1.09735000e-08  8.94258274e-01  1.09735000e-08  2.40406961e-09  1.09735000e-08  2.46685350e-09 
 1.15545000e-08  9.33400521e-01  1.15545000e-08  2.39800041e-09  1.15545000e-08  2.47546900e-09 
 1.15555000e-08  9.74767457e-01  1.15555000e-08  2.63992700e-09  1.15555000e-08  2.46022258e-09 
 1.15565000e-08  1.01575615e+00  1.15565000e-08  2.82878421e-09  1.15565000e-08  2.47519649e-09 
 1.15575000e-08  1.05636682e+00  1.15575000e-08  2.89023222e-09  1.15575000e-08  2.45979004e-09 
 1.15585000e-08  1.09661290e+00  1.15585000e-08  2.85432392e-09  1.15585000e-08  2.47471649e-09 
 1.15595000e-08  1.13648520e+00  1.15595000e-08  2.79146586e-09  1.15595000e-08  2.45978804e-09 
 1.20635000e-08  2.05290167e+00  1.20635000e-08  2.45906331e-09  1.20635000e-08  2.46705889e-09 
 1.20905000e-08  1.15560502e+00  1.20905000e-08  2.39251829e-09  1.20905000e-08  2.46788495e-09 
 1.20915000e-08  1.10341727e+00  1.20915000e-08  2.39922585e-09  1.20915000e-08  2.46716064e-09 
 1.20925000e-08  1.05154604e+00  1.20925000e-08  2.39892986e-09  1.20925000e-08  2.46789217e-09 
 1.20935000e-08  9.99910677e-01  1.20935000e-08  2.40984335e-09  1.20935000e-08  2.46715326e-09 
 1.20945000e-08  9.48466858e-01  1.20945000e-08  2.39898904e-09  1.20945000e-08  2.46785253e-09 
 1.20955000e-08  8.97153424e-01  1.20955000e-08  2.40309370e-09  1.20955000e-08  2.46714144e-09 
 1.26765000e-08  9.31194135e-01  1.26765000e-08  2.38962392e-09  1.26765000e-08  2.47567561e-09 
 1.26775000e-08  9.72581532e-01  1.26775000e-08  2.62023772e-09  1.26775000e-08  2.46001364e-09 
 1.26785000e-08  1.01359057e+00  1.26785000e-08  2.82345680e-09  1.26785000e-08  2.47542675e-09 
 1.26795000e-08  1.05422123e+00  1.26795000e-08  2.88419111e-09  1.26795000e-08  2.45959236e-09 
 1.26805000e-08  1.09448726e+00  1.26805000e-08  2.85734378e-09  1.26805000e-08  2.47492521e-09 
 1.26815000e-08  1.13437939e+00  1.26815000e-08  2.79005394e-09  1.26815000e-08  2.45957910e-09 
 1.32125000e-08  1.15862856e+00  1.32125000e-08  2.39098819e-09  1.32125000e-08  2.46759180e-09 
 1.32135000e-08  1.10642287e+00  1.32135000e-08  2.39769968e-09  1.32135000e-08  2.46744891e-09 
 1.32145000e-08  1.05453416e+00  1.32145000e-08  2.39686096e-09  1.32145000e-08  2.46760434e-09 
 1.32155000e-08  1.00288769e+00  1.32155000e-08  2.40904241e-09  1.32155000e-08  2.46744047e-09 
 1.32165000e-08  9.51433473e-01  1.32165000e-08  2.39732126e-09  1.32165000e-08  2.46756593e-09 
 1.32175000e-08  9.00114139e-01  1.32175000e-08  2.40263975e-09  1.32175000e-08  2.46742754e-09 
 1.37985000e-08  9.28674656e-01  1.37985000e-08  2.38036865e-09  1.37985000e-08  2.47649751e-09 
 1.37995000e-08  9.70085629e-01  1.37995000e-08  2.59918129e-09  1.37995000e-08  2.45918680e-09 
 1.38005000e-08  1.01111776e+00  1.38005000e-08  2.81946147e-09  1.38005000e-08  2.47627235e-09 
 1.38015000e-08  1.05177088e+00  1.38015000e-08  2.88124141e-09  1.38015000e-08  2.45878545e-09 
 1.38025000e-08  1.09205904e+00  1.38025000e-08  2.86151672e-09  1.38025000e-08  2.47573506e-09 
 1.38035000e-08  1.13197405e+00  1.38035000e-08  2.78941611e-09  1.38035000e-08  2.45876752e-09 
 1.43345000e-08  1.16191894e+00  1.43345000e-08  2.38960038e-09  1.43345000e-08  2.46732940e-09 
 1.43355000e-08  1.10969379e+00  1.43355000e-08  2.39710363e-09  1.43355000e-08  2.46771265e-09 
 1.43365000e-08  1.05778599e+00  1.43365000e-08  2.39455294e-09  1.43365000e-08  2.46734022e-09 
 1.43375000e-08  1.00612734e+00  1.43375000e-08  2.40826861e-09  1.43375000e-08  2.46770337e-09 
 1.43385000e-08  9.54661774e-01  1.43385000e-08  2.39562395e-09  1.43385000e-08  2.46730675e-09 
 1.43395000e-08  9.03336035e-01  1.43395000e-08  2.40238215e-09  1.43395000e-08  2.46768633e-09 
 1.49205000e-08  9.25966595e-01  1.49205000e-08  2.36994827e-09  1.49205000e-08  2.47704302e-09 
 1.49215000e-08  9.67402964e-01  1.49215000e-08  2.57674171e-09  1.49215000e-08  2.45864595e-09 
 1.49225000e-08  1.00845996e+00  1.49225000e-08  2.81268536e-09  1.49225000e-08  2.47684151e-09 
 1.49235000e-08  1.04913722e+00  1.49235000e-08  2.87475882e-09  1.49235000e-08  2.45825893e-09 
 1.49245000e-08  1.08944910e+00  1.49245000e-08  2.86518309e-09  1.49245000e-08  2.47627729e-09 
 1.49255000e-08  1.12938862e+00  1.49255000e-08  2.78857457e-09  1.49255000e-08  2.45823012e-09 
 1.54565000e-08  1.16554976e+00  1.54565000e-08  2.38904443e-09  1.54565000e-08  2.46681459e-09 
 1.54575000e-08  1.11330283e+00  1.54575000e-08  2.39672751e-09  1.54575000e-08  2.46822474e-09 
 1.54585000e-08  1.06137350e+00  1.54585000e-08  2.39287798e-09  1.54585000e-08  2.46682957e-09 
 1.54595000e-08  1.00970100e+00  1.54595000e-08  2.40765879e-09  1.54595000e-08  2.46821363e-09 
 1.54605000e-08  9.58222551e-01  1.54605000e-08  2.39455228e-09  1.54605000e-08  2.46680221e-09 
 1.54615000e-08  9.06889488e-01  1.54615000e-08  2.40242523e-09  1.54615000e-08  2.46819076e-09 
 1.60000000e-08 -1.00778070e-02  1.60000000e-08  2.53013682e-09  1.60000000e-08  2.47907617e-09 
