 time            v(b_out)        time            v(u_puf_u_core_sel_ro) time            v(q)           
 0.00000000e+00  4.68653885e-09  0.00000000e+00  2.46749732e-09  0.00000000e+00  2.46749746e-09 
 2.57850000e-09  9.42488420e-01  2.57850000e-09  2.96534985e-09  2.57850000e-09  2.46768639e-09 
 2.57950000e-09  9.78661763e-01  2.57950000e-09  2.96468747e-09  2.57950000e-09  2.46768417e-09 
 2.58050000e-09  1.01494709e+00  2.58050000e-09  2.96401409e-09  2.58050000e-09  2.46768478e-09 
 2.58150000e-09  1.05109089e+00  2.58150000e-09  2.96329872e-09  2.58150000e-09  2.46768378e-09 
 2.58250000e-09  1.08692915e+00  2.58250000e-09  2.96251848e-09  2.58250000e-09  2.46768522e-09 
 2.58350000e-09  1.12245814e+00  2.58350000e-09  2.96164979e-09  2.58350000e-09  2.46768356e-09 
 3.11450000e-09  1.14064869e+00  3.11450000e-09 -1.05404076e-06  3.11450000e-09  2.85137192e-09 
 3.11550000e-09  1.08835908e+00  3.11550000e-09 -1.03336604e-06  3.11550000e-09  2.08405665e-09 
 3.11650000e-09  1.03617432e+00  3.11650000e-09 -1.00813057e-06  3.11650000e-09  2.84824858e-09 
 3.11750000e-09  9.83989886e-01  3.11750000e-09 -9.88403767e-07  3.11750000e-09  2.08724010e-09 
 3.11850000e-09  9.31779790e-01  3.11850000e-09 -9.64214287e-07  3.11850000e-09  2.84507767e-09 
 3.11950000e-09  8.79478228e-01  3.11950000e-09 -9.45394709e-07  3.11950000e-09  2.09047468e-09 
 3.70050000e-09  9.44524581e-01  3.70050000e-09  1.43407091e-06  3.70050000e-09  2.08862178e-09 
 3.70150000e-09  9.81536932e-01  3.70150000e-09  1.40249594e-06  3.70150000e-09  2.84756535e-09 
 3.70250000e-09  1.01827716e+00  3.70250000e-09  1.36377634e-06  3.70250000e-09  2.09139123e-09 
 3.70350000e-09  1.05465266e+00  3.70350000e-09  1.33387019e-06  3.70350000e-09  2.84450152e-09 
 3.70450000e-09  1.09065280e+00  3.70450000e-09  1.29694993e-06  3.70450000e-09  2.09401813e-09 
 3.70550000e-09  1.12637042e+00  3.70550000e-09  1.26862843e-06  3.70550000e-09  2.84169355e-09 
 4.23650000e-09  1.14381902e+00  4.23650000e-09 -1.02746279e-06  4.23650000e-09  2.09357492e-09 
 4.23750000e-09  1.09152140e+00  4.23750000e-09 -1.00188306e-06  4.23750000e-09  2.83868173e-09 
 4.23850000e-09  1.03933446e+00  4.23850000e-09 -9.82771646e-07  4.23850000e-09  2.09662221e-09 
 4.23950000e-09  9.87150015e-01  4.23950000e-09 -9.58234614e-07  4.23950000e-09  2.83541918e-09 
 4.24050000e-09  9.34944238e-01  4.24050000e-09 -9.40017756e-07  4.24050000e-09  2.09958068e-09 
 4.24150000e-09  8.82647400e-01  4.24150000e-09 -9.16494567e-07  4.24150000e-09  2.83288776e-09 
 4.82250000e-09  9.42398577e-01  4.82250000e-09  1.43583679e-06  4.82250000e-09  1.96856964e-09 
 4.82350000e-09  9.79423743e-01  4.82350000e-09  1.40496262e-06  4.82350000e-09  2.96742181e-09 
 4.82450000e-09  1.01618209e+00  4.82450000e-09  1.36544088e-06  4.82450000e-09  1.97220318e-09 
 4.82550000e-09  1.05258014e+00  4.82550000e-09  1.33622097e-06  4.82550000e-09  2.96329444e-09 
 4.82650000e-09  1.08859982e+00  4.82650000e-09  1.29851848e-06  4.82650000e-09  1.97576044e-09 
 4.82750000e-09  1.12433167e+00  4.82750000e-09  1.27086917e-06  4.82750000e-09  2.95964875e-09 
 5.35850000e-09  1.14631968e+00  5.35850000e-09 -1.02875466e-06  5.35850000e-09  2.12047846e-09 
 5.35950000e-09  1.09401717e+00  5.35950000e-09 -1.00341856e-06  5.35950000e-09  2.81181045e-09 
 5.36050000e-09  1.04182636e+00  5.36050000e-09 -9.84006540e-07  5.36050000e-09  2.12331269e-09 
 5.36150000e-09  9.89643159e-01  5.36150000e-09 -9.59708409e-07  5.36150000e-09  2.80876689e-09 
 5.36250000e-09  9.37438909e-01  5.36250000e-09 -9.41198843e-07  5.36250000e-09  2.12607804e-09 
 5.36350000e-09  8.85147033e-01  5.36350000e-09 -9.17907062e-07  5.36350000e-09  2.80637241e-09 
 5.94450000e-09  9.40759317e-01  5.94450000e-09  1.43728167e-06  5.94450000e-09  1.91732480e-09 
 5.94550000e-09  9.77794197e-01  5.94550000e-09  1.40693107e-06  5.94550000e-09  3.01851316e-09 
 5.94650000e-09  1.01456632e+00  5.94650000e-09  1.36680493e-06  5.94650000e-09  1.92124311e-09 
 5.94750000e-09  1.05098175e+00  5.94750000e-09  1.33809696e-06  5.94750000e-09  3.01400915e-09 
 5.94850000e-09  1.08701672e+00  5.94850000e-09  1.29980589e-06  5.94850000e-09  1.92510863e-09 
 5.94950000e-09  1.12275827e+00  5.94950000e-09  1.27265720e-06  5.94950000e-09  3.01006109e-09 
 6.48050000e-09  1.14882573e+00  6.48050000e-09 -1.02968481e-06  6.48050000e-09  2.14440943e-09 
 6.48150000e-09  1.09651898e+00  6.48150000e-09 -1.00461300e-06  6.48150000e-09  2.78768081e-09 
 6.48250000e-09  1.04432420e+00  6.48250000e-09 -9.84895270e-07  6.48250000e-09  2.14706225e-09 
 6.48350000e-09  9.92143302e-01  6.48350000e-09 -9.60858508e-07  6.48350000e-09  2.78505563e-09 
 6.48450000e-09  9.39940670e-01  6.48450000e-09 -9.42049674e-07  6.48450000e-09  2.14972795e-09 
 6.48550000e-09  8.87653927e-01  6.48550000e-09 -9.19004148e-07  6.48550000e-09  2.78244222e-09 
 7.06650000e-09  9.39655444e-01  7.06650000e-09  1.43885875e-06  7.06650000e-09  1.86524934e-09 
 7.06750000e-09  9.76698976e-01  7.06750000e-09  1.40909514e-06  7.06750000e-09  3.07044373e-09 
 7.06850000e-09  1.01348179e+00  7.06850000e-09  1.36829592e-06  7.06850000e-09  1.86938492e-09 
 7.06950000e-09  1.04991642e+00  7.06950000e-09  1.34016250e-06  7.06950000e-09  3.06591147e-09 
 7.07050000e-09  1.08596932e+00  7.07050000e-09  1.30121587e-06  7.07050000e-09  1.87378313e-09 
 7.07150000e-09  1.12171671e+00  7.07150000e-09  1.27462878e-06  7.07150000e-09  3.06190656e-09 
 7.60250000e-09  1.15003919e+00  7.60250000e-09 -1.03031090e-06  7.60250000e-09  2.16733398e-09 
 7.60350000e-09  1.09773002e+00  7.60350000e-09 -1.00543864e-06  7.60350000e-09  2.76502643e-09 
 7.60450000e-09  1.04553300e+00  7.60450000e-09 -9.85491918e-07  7.60450000e-09  2.16973239e-09 
 7.60550000e-09  9.93352364e-01  7.60550000e-09 -9.61650072e-07  7.60550000e-09  2.76260070e-09 
 7.60650000e-09  9.41150101e-01  7.60650000e-09 -9.42618309e-07  7.60650000e-09  2.17214924e-09 
 7.60750000e-09  8.88865912e-01  7.60750000e-09 -9.19763296e-07  7.60750000e-09  2.76019402e-09 
 8.18850000e-09  9.37780197e-01  8.18850000e-09  1.43951902e-06  8.18850000e-09  1.83165616e-09 
 8.18950000e-09  9.74831871e-01  8.18950000e-09  1.40998362e-06  8.18950000e-09  3.10627157e-09 
 8.19050000e-09  1.01162870e+00  8.19050000e-09  1.36892063e-06  8.19050000e-09  1.83609006e-09 
 8.19150000e-09  1.04807522e+00  8.19150000e-09  1.34100962e-06  8.19150000e-09  3.10096904e-09 
 8.19250000e-09  1.08413862e+00  8.19250000e-09  1.30180627e-06  8.19250000e-09  1.84049465e-09 
 8.19350000e-09  1.11989844e+00  8.19350000e-09  1.27543676e-06  8.19350000e-09  3.09633591e-09 
 8.72450000e-09  1.15255256e+00  8.72450000e-09 -1.03132480e-06  8.72450000e-09  2.20000224e-09 
 8.72550000e-09  1.10023875e+00  8.72550000e-09 -1.00678419e-06  8.72550000e-09  2.73249923e-09 
 8.72650000e-09  1.04803736e+00  8.72650000e-09 -9.86458417e-07  8.72650000e-09  2.20213547e-09 
 8.72750000e-09  9.95857535e-01  8.72750000e-09 -9.62941143e-07  8.72750000e-09  2.73033007e-09 
 8.72850000e-09  9.43656769e-01  8.72850000e-09 -9.43539594e-07  8.72850000e-09  2.20428586e-09 
 8.72950000e-09  8.91377778e-01  8.72950000e-09 -9.21001853e-07  8.72950000e-09  2.72817946e-09 
 9.31050000e-09  9.36183030e-01  9.31050000e-09  1.44097281e-06  9.31050000e-09  1.77651477e-09 
 9.31150000e-09  9.73243472e-01  9.31150000e-09  1.41196021e-06  9.31150000e-09  3.16854271e-09 
 9.31250000e-09  1.01005331e+00  9.31250000e-09  1.37028702e-06  9.31250000e-09  1.78149956e-09 
 9.31350000e-09  1.04651642e+00  9.31350000e-09  1.34288979e-06  9.31350000e-09  3.15898441e-09 
 9.31450000e-09  1.08260138e+00  9.31450000e-09  1.30310003e-06  9.31450000e-09  1.78426418e-09 
 9.31550000e-09  1.11837751e+00  9.31550000e-09  1.27723273e-06  9.31550000e-09  3.15684140e-09 
 9.84650000e-09  1.15505805e+00  9.84650000e-09 -1.03226634e-06  9.84650000e-09  2.22571189e-09 
 9.84750000e-09  1.10273939e+00  9.84750000e-09 -1.00804032e-06  9.84750000e-09  2.70684036e-09 
 9.84850000e-09  1.05053337e+00  9.84850000e-09 -9.87355723e-07  9.84850000e-09  2.22768409e-09 
 9.84950000e-09  9.98354100e-01  9.84950000e-09 -9.64146109e-07  9.84950000e-09  2.70483208e-09 
 9.85050000e-09  9.46155192e-01  9.85050000e-09 -9.44394675e-07  9.85050000e-09  2.22967650e-09 
 9.85150000e-09  8.93880817e-01  9.85150000e-09 -9.22157875e-07  9.85150000e-09  2.70284628e-09 
 1.04325000e-08  9.34239161e-01  1.04325000e-08  1.44229212e-06  1.04325000e-08  1.73398307e-09 
 1.04335000e-08  9.71310082e-01  1.04335000e-08  1.41378357e-06  1.04335000e-08  3.21616145e-09 
 1.04345000e-08  1.00813552e+00  1.04345000e-08  1.37153401e-06  1.04345000e-08  1.73909209e-09 
 1.04355000e-08  1.04461872e+00  1.04355000e-08  1.34462958e-06  1.04355000e-08  3.20602750e-09 
 1.04365000e-08  1.08072283e+00  1.04365000e-08  1.30427859e-06  1.04365000e-08  1.74195020e-09 
 1.04375000e-08  1.11651203e+00  1.04375000e-08  1.27889313e-06  1.04375000e-08  3.20348614e-09 
 1.09685000e-08  1.15735627e+00  1.09685000e-08 -1.03335853e-06  1.09685000e-08  2.25553198e-09 
 1.09695000e-08  1.10503322e+00  1.09695000e-08 -1.00941120e-06  1.09695000e-08  2.67710126e-09 
 1.09705000e-08  1.05282298e+00  1.09705000e-08 -9.88397863e-07  1.09705000e-08  2.25729002e-09 
 1.09715000e-08  1.00064423e+00  1.09715000e-08 -9.65459978e-07  1.09715000e-08  2.67531103e-09 
 1.09725000e-08  9.48447044e-01  1.09725000e-08 -9.45389006e-07  1.09725000e-08  2.25906122e-09 
 1.09735000e-08  8.96176955e-01  1.09735000e-08 -9.23417283e-07  1.09735000e-08  2.67354089e-09 
 1.15545000e-08  9.32454130e-01  1.15545000e-08  1.44468311e-06  1.15545000e-08  1.78830967e-09 
 1.15555000e-08  9.69534474e-01  1.15555000e-08  1.41559935e-06  1.15555000e-08  3.15392834e-09 
 1.15565000e-08  1.00637397e+00  1.15565000e-08  1.37381471e-06  1.15565000e-08  1.79322712e-09 
 1.15575000e-08  1.04287553e+00  1.15575000e-08  1.34634891e-06  1.15575000e-08  3.14461324e-09 
 1.15585000e-08  1.07899735e+00  1.15585000e-08  1.30645401e-06  1.15585000e-08  1.79593651e-09 
 1.15595000e-08  1.11479899e+00  1.15595000e-08  1.28052071e-06  1.15595000e-08  3.14266863e-09 
 1.20905000e-08  1.16003189e+00  1.20905000e-08 -1.03433078e-06  1.20905000e-08  2.28917452e-09 
 1.20915000e-08  1.10770365e+00  1.20915000e-08 -1.01060071e-06  1.20915000e-08  2.64357319e-09 
 1.20925000e-08  1.05548833e+00  1.20925000e-08 -9.89325855e-07  1.20925000e-08  2.29066183e-09 
 1.20935000e-08  1.00331003e+00  1.20935000e-08 -9.66600020e-07  1.20935000e-08  2.64205741e-09 
 1.20945000e-08  9.51114691e-01  1.20945000e-08 -9.46274711e-07  1.20945000e-08  2.29215968e-09 
 1.20955000e-08  8.98849526e-01  1.20955000e-08 -9.24509888e-07  1.20955000e-08  2.64055988e-09 
 1.26765000e-08  9.30737268e-01  1.26765000e-08  1.44630076e-06  1.26765000e-08  1.88044014e-09 
 1.26775000e-08  9.67826437e-01  1.26775000e-08  1.41629929e-06  1.26775000e-08  3.05560499e-09 
 1.26785000e-08  1.00467921e+00  1.26785000e-08  1.37537250e-06  1.26785000e-08  1.88454075e-09 
 1.26795000e-08  1.04119829e+00  1.26795000e-08  1.34700839e-06  1.26795000e-08  3.05080727e-09 
 1.26805000e-08  1.07733077e+00  1.26805000e-08  1.30794450e-06  1.26805000e-08  1.88861410e-09 
 1.26815000e-08  1.11313831e+00  1.26815000e-08  1.28113435e-06  1.26815000e-08  3.04662723e-09 
 1.31855000e-08  2.05287175e+00  1.31855000e-08 -1.88589594e-06  1.31855000e-08  2.62434735e-09 
 1.32125000e-08  1.16242011e+00  1.32125000e-08 -1.03527427e-06  1.32125000e-08  2.32681868e-09 
 1.32135000e-08  1.11008716e+00  1.32135000e-08 -1.01176118e-06  1.32135000e-08  2.60606453e-09 
 1.32145000e-08  1.05786718e+00  1.32145000e-08 -9.90226263e-07  1.32145000e-08  2.32798847e-09 
 1.32155000e-08  1.00568917e+00  1.32155000e-08 -9.67712380e-07  1.32155000e-08  2.60486682e-09 
 1.32165000e-08  9.53495370e-01  1.32165000e-08 -9.47134030e-07  1.32165000e-08  2.32916830e-09 
 1.32175000e-08  9.01234549e-01  1.32175000e-08 -9.25576160e-07  1.32175000e-08  2.60368588e-09 
 1.37985000e-08  9.28948040e-01  1.37985000e-08  1.44837998e-06  1.37985000e-08  1.97874050e-09 
 1.37995000e-08  9.66046224e-01  1.37995000e-08  1.41740046e-06  1.37995000e-08  2.95738301e-09 
 1.38005000e-08  1.00291258e+00  1.38005000e-08  1.37736163e-06  1.38005000e-08  1.98215167e-09 
 1.38015000e-08  1.03944981e+00  1.38015000e-08  1.34804287e-06  1.38015000e-08  2.95341857e-09 
 1.38025000e-08  1.07560035e+00  1.38025000e-08  1.30984777e-06  1.38025000e-08  1.98554395e-09 
 1.38035000e-08  1.11142101e+00  1.38035000e-08  1.28210560e-06  1.38035000e-08  2.94997027e-09 
 1.43345000e-08  1.16523156e+00  1.43345000e-08 -1.03623736e-06  1.43345000e-08  2.37086112e-09 
 1.43355000e-08  1.11289299e+00  1.43355000e-08 -1.01296385e-06  1.43355000e-08  2.56220389e-09 
 1.43365000e-08  1.06066737e+00  1.43365000e-08 -9.91145183e-07  1.43365000e-08  2.37164544e-09 
 1.43375000e-08  1.00848954e+00  1.43375000e-08 -9.68865325e-07  1.43375000e-08  2.56139432e-09 
 1.43385000e-08  9.56297406e-01  1.43385000e-08 -9.48010821e-07  1.43385000e-08  2.37243708e-09 
 1.43395000e-08  9.04041629e-01  1.43395000e-08 -9.26681463e-07  1.43395000e-08  2.56059535e-09 
 1.49205000e-08  9.26898403e-01  1.49205000e-08  1.45088649e-06  1.49205000e-08  2.09630813e-09 
 1.49215000e-08  9.64006733e-01  1.49215000e-08  1.41871969e-06  1.49215000e-08  2.84003876e-09 
 1.49225000e-08  1.00088837e+00  1.49225000e-08  1.37975990e-06  1.49225000e-08  2.09889411e-09 
 1.49235000e-08  1.03744625e+00  1.49235000e-08  1.34928218e-06  1.49235000e-08  2.83706891e-09 
 1.49245000e-08  1.07361761e+00  1.49245000e-08  1.31214285e-06  1.49245000e-08  2.10146145e-09 
 1.49255000e-08  1.10945357e+00  1.49255000e-08  1.28326916e-06  1.49255000e-08  2.83449136e-09 
 1.52035000e-08  1.94998996e+00  1.52035000e-08  3.44471633e-04  1.52035000e-08 -5.60020469e-09 
 1.54565000e-08  1.16831143e+00  1.54565000e-08 -1.03736057e-06  1.54565000e-08  2.41952519e-09 
 1.54575000e-08  1.11596679e+00  1.54575000e-08 -1.01434527e-06  1.54575000e-08  2.51375309e-09 
 1.54585000e-08  1.06373494e+00  1.54585000e-08 -9.92217384e-07  1.54585000e-08  2.41988896e-09 
 1.54595000e-08  1.01155727e+00  1.54595000e-08 -9.70189628e-07  1.54595000e-08  2.51336868e-09 
 1.54605000e-08  9.59366881e-01  1.54605000e-08 -9.49034247e-07  1.54605000e-08  2.42025899e-09 
 1.54615000e-08  9.07116683e-01  1.54615000e-08 -9.27950942e-07  1.54615000e-08  2.51299276e-09 
 1.60000000e-08 -1.03026386e-02  1.60000000e-08  4.24085387e-06  1.60000000e-08  2.18132629e-09 
