 time            v(b_out)        time            v(u_puf_u_core_sel_ro) time            v(q)           
 0.00000000e+00  4.68653885e-09  0.00000000e+00  2.46749735e-09  0.00000000e+00  2.46749746e-09 
 1.00150000e-09  4.68654229e-09  1.00150000e-09  3.68861706e-05  1.00150000e-09  6.00721591e-04 
 2.57750000e-09  9.09982553e-01  2.57750000e-09  2.98459008e-09  2.57750000e-09  2.46768606e-09 
 2.57850000e-09  9.51170378e-01  2.57850000e-09  2.97504904e-09  2.57850000e-09  2.46766052e-09 
 2.57950000e-09  9.91833548e-01  2.57950000e-09  2.96603586e-09  2.57950000e-09  2.46767218e-09 
 2.58050000e-09  1.03201201e+00  2.58050000e-09  2.95879543e-09  2.58050000e-09  2.46767795e-09 
 2.58150000e-09  1.07177157e+00  2.58150000e-09  2.95397384e-09  2.58150000e-09  2.46768700e-09 
 2.58250000e-09  1.11121104e+00  2.58250000e-09  2.96514324e-09  2.58250000e-09  2.46771331e-09 
 3.11450000e-09  1.13473076e+00  3.11450000e-09  2.88459490e-09  3.11450000e-09  2.50900667e-09 
 3.11550000e-09  1.08276054e+00  3.11550000e-09  2.56937921e-09  3.11550000e-09  2.42631781e-09 
 3.11650000e-09  1.03107374e+00  3.11650000e-09  2.88499813e-09  3.11650000e-09  2.50866722e-09 
 3.11750000e-09  9.79565084e-01  3.11750000e-09  2.57154625e-09  3.11750000e-09  2.42665249e-09 
 3.11850000e-09  9.28211167e-01  3.11850000e-09  2.89341784e-09  3.11850000e-09  2.50834092e-09 
 3.11950000e-09  8.76940490e-01  3.11950000e-09  2.58491789e-09  3.11950000e-09  2.42698273e-09 
 3.69950000e-09  9.07675440e-01  3.69950000e-09  2.66471573e-09  3.69950000e-09  2.45104415e-09 
 3.70050000e-09  9.48893388e-01  3.70050000e-09  2.71429906e-09  3.70050000e-09  2.48394222e-09 
 3.70150000e-09  9.89584726e-01  3.70150000e-09  2.64942585e-09  3.70150000e-09  2.45117077e-09 
 3.70250000e-09  1.02978878e+00  3.70250000e-09  2.70083778e-09  3.70250000e-09  2.48380527e-09 
 3.70350000e-09  1.06956940e+00  3.70350000e-09  2.63553984e-09  3.70350000e-09  2.45132931e-09 
 3.70450000e-09  1.10902366e+00  3.70450000e-09  2.70341421e-09  3.70450000e-09  2.48368992e-09 
 4.23650000e-09  1.13659528e+00  4.23650000e-09  2.77316575e-09  4.23650000e-09  2.50456450e-09 
 4.23750000e-09  1.08461388e+00  4.23750000e-09  2.34893133e-09  4.23750000e-09  2.43063675e-09 
 4.23850000e-09  1.03291967e+00  4.23850000e-09  2.76341583e-09  4.23850000e-09  2.50426668e-09 
 4.23950000e-09  9.81404673e-01  4.23950000e-09  2.35203679e-09  4.23950000e-09  2.43087789e-09 
 4.24050000e-09  9.30047422e-01  4.24050000e-09  2.77964912e-09  4.24050000e-09  2.50407528e-09 
 4.24150000e-09  8.78773370e-01  4.24150000e-09  2.37907410e-09  4.24150000e-09  2.43117049e-09 
 4.82150000e-09  9.06912147e-01  4.82150000e-09  2.59328931e-09  4.82150000e-09  2.45665738e-09 
 4.82250000e-09  9.48140085e-01  4.82250000e-09  2.60370986e-09  4.82250000e-09  2.47831455e-09 
 4.82350000e-09  9.88840797e-01  4.82350000e-09  2.58234933e-09  4.82350000e-09  2.45673809e-09 
 4.82450000e-09  1.02905337e+00  4.82450000e-09  2.59023031e-09  4.82450000e-09  2.47820958e-09 
 4.82550000e-09  1.06884103e+00  4.82550000e-09  2.57044247e-09  4.82550000e-09  2.45685600e-09 
 4.82650000e-09  1.10830027e+00  4.82650000e-09  2.60152266e-09  4.82650000e-09  2.47814708e-09 
 5.35850000e-09  1.13723412e+00  5.35850000e-09  2.73157558e-09  5.35850000e-09  2.50362658e-09 
 5.35950000e-09  1.08524860e+00  5.35950000e-09  2.31486769e-09  5.35950000e-09  2.43148990e-09 
 5.36050000e-09  1.03355160e+00  5.36050000e-09  2.73002176e-09  5.36050000e-09  2.50337595e-09 
 5.36150000e-09  9.82034262e-01  5.36150000e-09  2.30521957e-09  5.36150000e-09  2.43172998e-09 
 5.36250000e-09  9.30675683e-01  5.36250000e-09  2.72825468e-09  5.36250000e-09  2.50315996e-09 
 5.36350000e-09  8.79400314e-01  5.36350000e-09  2.32559794e-09  5.36350000e-09  2.43200876e-09 
 5.94350000e-09  9.06186018e-01  5.94350000e-09  2.55937893e-09  5.94350000e-09  2.45661463e-09 
 5.94450000e-09  9.47423443e-01  5.94450000e-09  2.55918092e-09  5.94450000e-09  2.47834991e-09 
 5.94550000e-09  9.88133072e-01  5.94550000e-09  2.54875532e-09  5.94550000e-09  2.45670551e-09 
 5.94650000e-09  1.02835375e+00  5.94650000e-09  2.54839144e-09  5.94650000e-09  2.47824516e-09 
 5.94750000e-09  1.06814815e+00  5.94750000e-09  2.53945126e-09  5.94750000e-09  2.45681869e-09 
 5.94850000e-09  1.10761215e+00  5.94850000e-09  2.56176158e-09  5.94850000e-09  2.47817644e-09 
 6.48050000e-09  1.13790558e+00  6.48050000e-09  2.69090988e-09  6.48050000e-09  2.50327170e-09 
 6.48150000e-09  1.08591614e+00  6.48150000e-09  2.27963481e-09  6.48150000e-09  2.43186182e-09 
 6.48250000e-09  1.03421653e+00  6.48250000e-09  2.70834161e-09  6.48250000e-09  2.50303972e-09 
 6.48350000e-09  9.82696927e-01  6.48350000e-09  2.29634883e-09  6.48350000e-09  2.43209231e-09 
 6.48450000e-09  9.31337130e-01  6.48450000e-09  2.71123934e-09  6.48450000e-09  2.50277477e-09 
 6.48550000e-09  8.80060541e-01  6.48550000e-09  2.30640723e-09  6.48550000e-09  2.43234960e-09 
 7.06550000e-09  9.05806786e-01  7.06550000e-09  2.53939342e-09  7.06550000e-09  2.45826176e-09 
 7.06650000e-09  9.47049156e-01  7.06650000e-09  2.52688376e-09  7.06650000e-09  2.47668885e-09 
 7.06750000e-09  9.87763444e-01  7.06750000e-09  2.52930243e-09  7.06750000e-09  2.45835657e-09 
 7.06850000e-09  1.02798837e+00  7.06850000e-09  2.52082344e-09  7.06850000e-09  2.47661158e-09 
 7.06950000e-09  1.06778629e+00  7.06950000e-09  2.52527316e-09  7.06950000e-09  2.45846088e-09 
 7.07050000e-09  1.10725281e+00  7.07050000e-09  2.53831739e-09  7.07050000e-09  2.47654025e-09 
 7.60250000e-09  1.13874296e+00  7.60250000e-09  2.69649419e-09  7.60250000e-09  2.50278914e-09 
 7.60350000e-09  1.08674818e+00  7.60350000e-09  2.28288310e-09  7.60350000e-09  2.43233622e-09 
 7.60450000e-09  1.03504493e+00  7.60450000e-09  2.69909683e-09  7.60450000e-09  2.50253163e-09 
 7.60550000e-09  9.83522214e-01  7.60550000e-09  2.28281616e-09  7.60550000e-09  2.43257636e-09 
 7.60650000e-09  9.32160629e-01  7.60650000e-09  2.69690087e-09  7.60650000e-09  2.50229859e-09 
 7.60750000e-09  8.80882507e-01  7.60750000e-09  2.28309421e-09  7.60750000e-09  2.43281945e-09 
 8.18750000e-09  9.04609347e-01  8.18750000e-09  2.54524080e-09  8.18750000e-09  2.46099474e-09 
 8.18850000e-09  9.45867378e-01  8.18850000e-09  2.52632637e-09  8.18850000e-09  2.47397530e-09 
 8.18950000e-09  9.86596392e-01  8.18950000e-09  2.53433369e-09  8.18950000e-09  2.46103837e-09 
 8.19050000e-09  1.02683473e+00  8.19050000e-09  2.51513865e-09  8.19050000e-09  2.47392040e-09 
 8.19150000e-09  1.06664380e+00  8.19150000e-09  2.52450283e-09  8.19150000e-09  2.46112475e-09 
 8.19250000e-09  1.10611826e+00  8.19250000e-09  2.52758448e-09  8.19250000e-09  2.47388010e-09 
 8.72450000e-09  1.14047324e+00  8.72450000e-09  2.69118400e-09  8.72450000e-09  2.50257415e-09 
 8.72550000e-09  1.08846755e+00  8.72550000e-09  2.27761510e-09  8.72550000e-09  2.43255327e-09 
 8.72650000e-09  1.03675691e+00  8.72650000e-09  2.69351386e-09  8.72650000e-09  2.50231563e-09 
 8.72750000e-09  9.85227860e-01  8.72750000e-09  2.27714186e-09  8.72750000e-09  2.43278897e-09 
 8.72850000e-09  9.33862723e-01  8.72850000e-09  2.69096778e-09  8.72850000e-09  2.50208448e-09 
 8.72950000e-09  8.82581076e-01  8.72950000e-09  2.27709068e-09  8.72950000e-09  2.43302906e-09 
 9.31050000e-09  9.44285645e-01  9.31050000e-09  2.51474336e-09  9.31050000e-09  2.47212062e-09 
 9.31150000e-09  9.85034444e-01  9.31150000e-09  2.53575244e-09  9.31150000e-09  2.46288479e-09 
 9.31250000e-09  1.02529083e+00  9.31250000e-09  2.50305843e-09  9.31250000e-09  2.47207549e-09 
 9.31350000e-09  1.06511498e+00  9.31350000e-09  2.52557358e-09  9.31350000e-09  2.46295301e-09 
 9.31450000e-09  1.10460307e+00  9.31450000e-09  2.52716120e-09  9.31450000e-09  2.47207577e-09 
 9.31550000e-09  1.14387928e+00  9.31550000e-09  2.53194810e-09  9.31550000e-09  2.46294468e-09 
 9.84650000e-09  1.14266533e+00  9.84650000e-09  2.67919509e-09  9.84650000e-09  2.50175575e-09 
 9.84750000e-09  1.09064729e+00  9.84750000e-09  2.26254870e-09  9.84750000e-09  2.43332643e-09 
 9.84850000e-09  1.03892606e+00  9.84850000e-09  2.68635547e-09  9.84850000e-09  2.50157012e-09 
 9.84950000e-09  9.87390260e-01  9.84950000e-09  2.27491120e-09  9.84950000e-09  2.43354470e-09 
 9.85050000e-09  9.36019557e-01  9.85050000e-09  2.68736894e-09  9.85050000e-09  2.50132920e-09 
 9.85150000e-09  8.84734619e-01  9.85150000e-09  2.27497321e-09  9.85150000e-09  2.43378262e-09 
 1.04325000e-08  9.42777293e-01  1.04325000e-08  2.50576648e-09  1.04325000e-08  2.46999338e-09 
 1.04335000e-08  9.83544885e-01  1.04335000e-08  2.53541688e-09  1.04335000e-08  2.46496951e-09 
 1.04345000e-08  1.02381865e+00  1.04345000e-08  2.48754128e-09  1.04345000e-08  2.47000043e-09 
 1.04355000e-08  1.06365717e+00  1.04355000e-08  2.52476706e-09  1.04355000e-08  2.46502557e-09 
 1.04365000e-08  1.10315302e+00  1.04365000e-08  2.49931342e-09  1.04365000e-08  2.47000098e-09 
 1.04375000e-08  1.14243147e+00  1.04375000e-08  2.52110949e-09  1.04375000e-08  2.46501702e-09 
 1.09685000e-08  1.14440302e+00  1.09685000e-08  2.68725941e-09  1.09685000e-08  2.50041887e-09 
 1.09695000e-08  1.09237544e+00  1.09695000e-08  2.27973534e-09  1.09695000e-08  2.43466397e-09 
 1.09705000e-08  1.04064525e+00  1.09705000e-08  2.67842509e-09  1.09705000e-08  2.50021137e-09 
 1.09715000e-08  9.89104306e-01  1.09715000e-08  2.27386621e-09  1.09715000e-08  2.43488879e-09 
 1.09725000e-08  9.37728722e-01  1.09725000e-08  2.67340555e-09  1.09725000e-08  2.49999405e-09 
 1.09735000e-08  8.86441402e-01  1.09735000e-08  2.27281238e-09  1.09735000e-08  2.43510473e-09 
 1.15545000e-08  9.41286057e-01  1.15545000e-08  2.49542226e-09  1.15545000e-08  2.46846049e-09 
 1.15555000e-08  9.82072066e-01  1.15555000e-08  2.53485571e-09  1.15555000e-08  2.46650123e-09 
 1.15565000e-08  1.02236327e+00  1.15565000e-08  2.47837517e-09  1.15565000e-08  2.46848225e-09 
 1.15575000e-08  1.06221591e+00  1.15575000e-08  2.52573623e-09  1.15575000e-08  2.46654236e-09 
 1.15585000e-08  1.10172256e+00  1.15585000e-08  2.49050347e-09  1.15585000e-08  2.46849013e-09 
 1.15595000e-08  1.14100612e+00  1.15595000e-08  2.52364768e-09  1.15595000e-08  2.46652276e-09 
 1.20905000e-08  1.14629424e+00  1.20905000e-08  2.65390504e-09  1.20905000e-08  2.49894927e-09 
 1.20915000e-08  1.09425636e+00  1.20915000e-08  2.27799990e-09  1.20915000e-08  2.43615195e-09 
 1.20925000e-08  1.04251650e+00  1.20925000e-08  2.66661959e-09  1.20925000e-08  2.49875692e-09 
 1.20935000e-08  9.90970019e-01  1.20935000e-08  2.29168162e-09  1.20935000e-08  2.43635534e-09 
 1.20945000e-08  9.39589200e-01  1.20945000e-08  2.66679639e-09  1.20945000e-08  2.49852355e-09 
 1.20955000e-08  8.88299370e-01  1.20955000e-08  2.29028030e-09  1.20955000e-08  2.43656467e-09 
 1.26765000e-08  9.39970561e-01  1.26765000e-08  2.49554671e-09  1.26765000e-08  2.46709592e-09 
 1.26775000e-08  9.80772865e-01  1.26775000e-08  2.54383054e-09  1.26775000e-08  2.46788323e-09 
 1.26785000e-08  1.02107949e+00  1.26785000e-08  2.48259702e-09  1.26785000e-08  2.46709686e-09 
 1.26795000e-08  1.06094468e+00  1.26795000e-08  2.53333726e-09  1.26795000e-08  2.46790560e-09 
 1.26805000e-08  1.10046096e+00  1.26805000e-08  2.48758131e-09  1.26805000e-08  2.46711435e-09 
 1.26815000e-08  1.13974917e+00  1.26815000e-08  2.52699389e-09  1.26815000e-08  2.46788467e-09 
 1.32125000e-08  1.14796804e+00  1.32125000e-08  2.64093641e-09  1.32125000e-08  2.49759152e-09 
 1.32135000e-08  1.09592078e+00  1.32135000e-08  2.28619135e-09  1.32135000e-08  2.43750753e-09 
 1.32145000e-08  1.04417208e+00  1.32145000e-08  2.64211714e-09  1.32145000e-08  2.49738652e-09 
 1.32155000e-08  9.92620453e-01  1.32155000e-08  2.28846997e-09  1.32155000e-08  2.43771164e-09 
 1.32165000e-08  9.41234790e-01  1.32165000e-08  2.65467665e-09  1.32165000e-08  2.49720422e-09 
 1.32175000e-08  8.89942568e-01  1.32175000e-08  2.30304631e-09  1.32175000e-08  2.43790699e-09 
 1.37985000e-08  9.38486133e-01  1.37985000e-08  2.49450383e-09  1.37985000e-08  2.46602849e-09 
 1.37995000e-08  9.79306891e-01  1.37995000e-08  2.54329696e-09  1.37995000e-08  2.46893805e-09 
 1.38005000e-08  1.01963094e+00  1.38005000e-08  2.47882737e-09  1.38005000e-08  2.46604215e-09 
 1.38015000e-08  1.05951042e+00  1.38015000e-08  2.53467447e-09  1.38015000e-08  2.46895815e-09 
 1.38025000e-08  1.09903768e+00  1.38025000e-08  2.48571469e-09  1.38025000e-08  2.46606574e-09 
 1.38035000e-08  1.13833134e+00  1.38035000e-08  2.52932142e-09  1.38035000e-08  2.46892690e-09 
 1.43345000e-08  1.15010987e+00  1.43345000e-08  2.62477134e-09  1.43345000e-08  2.49618015e-09 
 1.43355000e-08  1.09805072e+00  1.43355000e-08  2.29924602e-09  1.43355000e-08  2.43891524e-09 
 1.43365000e-08  1.04629078e+00  1.43365000e-08  2.62573763e-09  1.43365000e-08  2.49598014e-09 
 1.43375000e-08  9.94732640e-01  1.43375000e-08  2.30133812e-09  1.43375000e-08  2.43911380e-09 
 1.43385000e-08  9.43340865e-01  1.43385000e-08  2.62698430e-09  1.43385000e-08  2.49578352e-09 
 1.43395000e-08  8.92045670e-01  1.43395000e-08  2.30446601e-09  1.43395000e-08  2.43931364e-09 
 1.49205000e-08  9.36818960e-01  1.49205000e-08  2.49171861e-09  1.49205000e-08  2.46539761e-09 
 1.49215000e-08  9.77660896e-01  1.49215000e-08  2.54627469e-09  1.49215000e-08  2.46957310e-09 
 1.49225000e-08  1.01800420e+00  1.49225000e-08  2.47800930e-09  1.49225000e-08  2.46541249e-09 
 1.49235000e-08  1.05790025e+00  1.49235000e-08  2.53526605e-09  1.49235000e-08  2.46957949e-09 
 1.49245000e-08  1.09743963e+00  1.49245000e-08  2.48100074e-09  1.49245000e-08  2.46544196e-09 
 1.49255000e-08  1.13674001e+00  1.49255000e-08  2.53008847e-09  1.49255000e-08  2.46955062e-09 
 1.54295000e-08  2.05290719e+00  1.54295000e-08  2.29986863e-09  1.54295000e-08  2.43812148e-09 
 1.54565000e-08  1.15224764e+00  1.54565000e-08  2.60612160e-09  1.54565000e-08  2.49415411e-09 
 1.54575000e-08  1.10017655e+00  1.54575000e-08  2.31524672e-09  1.54575000e-08  2.44093656e-09 
 1.54585000e-08  1.04840528e+00  1.54585000e-08  2.60687488e-09  1.54585000e-08  2.49396376e-09 
 1.54595000e-08  9.96840526e-01  1.54595000e-08  2.31713887e-09  1.54595000e-08  2.44112364e-09 
 1.54605000e-08  9.45442578e-01  1.54605000e-08  2.60798999e-09  1.54605000e-08  2.49377891e-09 
 1.54615000e-08  8.94144370e-01  1.54615000e-08  2.32013259e-09  1.54615000e-08  2.44131143e-09 
 1.60000000e-08 -1.04703323e-02  1.60000000e-08  2.55127786e-09  1.60000000e-08  2.46470061e-09 
