 time            v(b_out)        time            v(u_puf_u_core_sel_ro) time            v(q)           
 0.00000000e+00  4.68653885e-09  0.00000000e+00  2.46749748e-09  0.00000000e+00  2.46749746e-09 
 2.57750000e-09  9.09166255e-01  2.57750000e-09 -1.26261180e-08  2.57750000e-09  2.46086362e-09 
 2.57850000e-09  9.50763222e-01  2.57850000e-09 -1.72827482e-08  2.57850000e-09  2.46715182e-09 
 2.57950000e-09  9.91972468e-01  2.57950000e-09 -1.83735272e-08  2.57950000e-09  2.47422760e-09 
 2.58050000e-09  1.03280036e+00  2.58050000e-09 -1.60082195e-08  2.58050000e-09  2.47798582e-09 
 2.58150000e-09  1.07325954e+00  2.58150000e-09 -1.10828957e-08  2.58150000e-09  2.47917553e-09 
 2.58250000e-09  1.11334899e+00  2.58250000e-09 -5.08964482e-09  2.58250000e-09  2.47648557e-09 
 2.68550000e-09  1.94608257e+00  2.68550000e-09  1.99268545e-03  2.68550000e-09 -5.16675582e-08 
 3.11450000e-09  1.13445326e+00  3.11450000e-09  3.31479902e-07  3.11450000e-09  2.57789767e-09 
 3.11550000e-09  1.08239248e+00  3.11550000e-09  3.24349062e-07  3.11550000e-09  2.35860437e-09 
 3.11650000e-09  1.03063326e+00  3.11650000e-09  3.17223646e-07  3.11650000e-09  2.57480970e-09 
 3.11750000e-09  9.79075211e-01  3.11750000e-09  3.08472214e-07  3.11750000e-09  2.35825498e-09 
 3.11850000e-09  9.27696642e-01  3.11850000e-09  3.00429244e-07  3.11850000e-09  2.57480964e-09 
 3.11950000e-09  8.76426449e-01  3.11950000e-09  2.91693687e-07  3.11950000e-09  2.36102649e-09 
 3.69950000e-09  9.06711841e-01  3.69950000e-09 -1.45229230e-08  3.69950000e-09  2.68329420e-09 
 3.70050000e-09  9.48332610e-01  3.70050000e-09 -1.35746086e-08  3.70050000e-09  2.26420505e-09 
 3.70150000e-09  9.89563867e-01  3.70150000e-09 -1.09284518e-08  3.70150000e-09  2.68751710e-09 
 3.70250000e-09  1.03041402e+00  3.70250000e-09 -5.19380208e-09  3.70250000e-09  2.26887698e-09 
 3.70350000e-09  1.07089454e+00  3.70350000e-09  3.30344335e-10  3.70350000e-09  2.68285189e-09 
 3.70450000e-09  1.11100604e+00  3.70450000e-09  5.30505728e-09  3.70450000e-09  2.26277874e-09 
 4.23650000e-09  1.13756137e+00  4.23650000e-09  3.01630421e-08  4.23650000e-09  2.39153181e-09 
 4.23750000e-09  1.08548064e+00  4.23750000e-09  2.59203498e-08  4.23750000e-09  2.54409660e-09 
 4.23850000e-09  1.03370754e+00  4.23850000e-09  2.02283241e-08  4.23850000e-09  2.39011239e-09 
 4.23950000e-09  9.82137183e-01  4.23950000e-09  1.43919675e-08  4.23950000e-09  2.54223992e-09 
 4.24050000e-09  9.30751107e-01  4.24050000e-09  7.49816731e-09  4.24050000e-09  2.39093034e-09 
 4.24150000e-09  8.79473426e-01  4.24150000e-09  1.42174950e-09  4.24150000e-09  2.54322557e-09 
 4.82150000e-09  9.04291825e-01  4.82150000e-09 -1.45105128e-08  4.82150000e-09  2.70128830e-09 
 4.82250000e-09  9.45936067e-01  4.82250000e-09 -1.36027124e-08  4.82250000e-09  2.24560803e-09 
 4.82350000e-09  9.87189205e-01  4.82350000e-09 -1.13052777e-08  4.82350000e-09  2.70545580e-09 
 4.82450000e-09  1.02806130e+00  4.82450000e-09 -5.46335688e-09  4.82450000e-09  2.25090485e-09 
 4.82550000e-09  1.06856291e+00  4.82550000e-09 -5.16139353e-11  4.82550000e-09  2.70103262e-09 
 4.82650000e-09  1.10869588e+00  4.82650000e-09  5.15434315e-09  4.82650000e-09  2.24522634e-09 
 5.35850000e-09  1.13949800e+00  5.35850000e-09  8.11110734e-09  5.35850000e-09  2.45658244e-09 
 5.35950000e-09  1.08740456e+00  5.35950000e-09  3.86577542e-09  5.35950000e-09  2.47911208e-09 
 5.36050000e-09  1.03562255e+00  5.36050000e-09 -1.90131449e-09  5.36050000e-09  2.45460735e-09 
 5.36150000e-09  9.84044263e-01  5.36150000e-09 -8.12733811e-09  5.36150000e-09  2.47730669e-09 
 5.36250000e-09  9.32653356e-01  5.36250000e-09 -1.49939566e-08  5.36250000e-09  2.45533283e-09 
 5.36350000e-09  8.81370984e-01  5.36350000e-09 -2.11500430e-08  5.36350000e-09  2.47959825e-09 
 5.94350000e-09  9.02876836e-01  5.94350000e-09 -1.46035151e-08  5.94350000e-09  2.68482286e-09 
 5.94450000e-09  9.44534816e-01  5.94450000e-09 -1.34639130e-08  5.94450000e-09  2.26192093e-09 
 5.94550000e-09  9.85800776e-01  5.94550000e-09 -1.13991218e-08  5.94550000e-09  2.68928879e-09 
 5.94650000e-09  1.02668571e+00  5.94650000e-09 -5.50782470e-09  5.94650000e-09  2.26686314e-09 
 5.94750000e-09  1.06719967e+00  5.94750000e-09 -3.11228598e-10  5.94750000e-09  2.68499400e-09 
 5.94850000e-09  1.10734517e+00  5.94850000e-09  5.15182538e-09  5.94850000e-09  2.26144042e-09 
 6.48050000e-09  1.14187425e+00  6.48050000e-09  2.62674876e-09  6.48050000e-09  2.50524185e-09 
 6.48150000e-09  1.08976675e+00  6.48150000e-09 -1.83835319e-09  6.48150000e-09  2.43065706e-09 
 6.48250000e-09  1.03797297e+00  6.48250000e-09 -7.60028429e-09  6.48250000e-09  2.50253168e-09 
 6.48350000e-09  9.86386250e-01  6.48350000e-09 -1.37949443e-08  6.48350000e-09  2.42990605e-09 
 6.48450000e-09  9.34988676e-01  6.48450000e-09 -2.03602328e-08  6.48450000e-09  2.50320092e-09 
 6.48550000e-09  8.83701576e-01  6.48550000e-09 -2.66144130e-08  6.48550000e-09  2.43215903e-09 
 7.06650000e-09  9.42995595e-01  7.06650000e-09 -1.33791582e-08  7.06650000e-09  2.29278807e-09 
 7.06750000e-09  9.84275638e-01  7.06750000e-09 -1.16735818e-08  7.06750000e-09  2.65836975e-09 
 7.06850000e-09  1.02517467e+00  7.06850000e-09 -5.59342889e-09  7.06850000e-09  2.29762870e-09 
 7.06950000e-09  1.06570217e+00  7.06950000e-09 -6.30373892e-10  7.06950000e-09  2.65454320e-09 
 7.07050000e-09  1.10586141e+00  7.07050000e-09  5.17719498e-09  7.07050000e-09  2.29220398e-09 
 7.07150000e-09  1.14564776e+00  7.07150000e-09  7.91121144e-09  7.07150000e-09  2.64379463e-09 
 7.60250000e-09  1.14374768e+00  7.60250000e-09  6.04944900e-10  7.60250000e-09  2.55038768e-09 
 7.60350000e-09  1.09162925e+00  7.60350000e-09 -4.07018158e-09  7.60350000e-09  2.38555370e-09 
 7.60450000e-09  1.03982501e+00  7.60450000e-09 -9.61606206e-09  7.60450000e-09  2.54759380e-09 
 7.60550000e-09  9.88231800e-01  7.60550000e-09 -1.58427092e-08  7.60550000e-09  2.38550701e-09 
 7.60650000e-09  9.36827990e-01  7.60650000e-09 -2.22665571e-08  7.60650000e-09  2.54754290e-09 
 7.60750000e-09  8.85537240e-01  7.60750000e-09 -2.88581222e-08  7.60750000e-09  2.38757736e-09 
 8.18850000e-09  9.41064088e-01  8.18850000e-09 -1.33523514e-08  8.18850000e-09  2.31485325e-09 
 8.18950000e-09  9.82361520e-01  8.18950000e-09 -1.19365600e-08  8.18950000e-09  2.63622379e-09 
 8.19050000e-09  1.02327863e+00  8.19050000e-09 -5.77679887e-09  8.19050000e-09  2.31961200e-09 
 8.19150000e-09  1.06382282e+00  8.19150000e-09 -9.58724572e-10  8.19150000e-09  2.63285982e-09 
 8.19250000e-09  1.10399963e+00  8.19250000e-09  5.12011908e-09  8.19250000e-09  2.31428415e-09 
 8.19350000e-09  1.14380329e+00  8.19350000e-09  7.70139116e-09  8.19350000e-09  2.62208166e-09 
 8.72450000e-09  1.14617907e+00  8.72450000e-09 -4.08056755e-10  8.72450000e-09  2.60854865e-09 
 8.72550000e-09  1.09404645e+00  8.72550000e-09 -5.26990790e-09  8.72550000e-09  2.32801606e-09 
 8.72650000e-09  1.04222858e+00  8.72650000e-09 -1.05969064e-08  8.72650000e-09  2.60506455e-09 
 8.72750000e-09  9.90626984e-01  8.72750000e-09 -1.68419030e-08  8.72750000e-09  2.32874114e-09 
 8.72850000e-09  9.39215226e-01  8.72850000e-09 -2.29881323e-08  8.72850000e-09  2.60451205e-09 
 8.72950000e-09  8.87920034e-01  8.72950000e-09 -2.97368231e-08  8.72950000e-09  2.33095115e-09 
 9.31050000e-09  9.38987106e-01  9.31050000e-09 -1.32943093e-08  9.31050000e-09  2.33922209e-09 
 9.31150000e-09  9.80303230e-01  9.31150000e-09 -1.22132078e-08  9.31150000e-09  2.61176769e-09 
 9.31250000e-09  1.02123982e+00  9.31250000e-09 -5.95684402e-09  9.31250000e-09  2.34398190e-09 
 9.31350000e-09  1.06180192e+00  9.31350000e-09 -1.31174749e-09  9.31350000e-09  2.60887761e-09 
 9.31450000e-09  1.10199762e+00  9.31450000e-09  5.07289821e-09  9.31450000e-09  2.33875896e-09 
 9.31550000e-09  1.14181981e+00  9.31550000e-09  7.47532705e-09  9.31550000e-09  2.59805899e-09 
 9.84650000e-09  1.14834620e+00  9.84650000e-09 -8.09989575e-10  9.84650000e-09  2.67108391e-09 
 9.84750000e-09  1.09620112e+00  9.84750000e-09 -5.78853609e-09  9.84750000e-09  2.26596408e-09 
 9.84850000e-09  1.04437132e+00  9.84850000e-09 -1.08320837e-08  9.84850000e-09  2.66719263e-09 
 9.84950000e-09  9.92762335e-01  9.84950000e-09 -1.71848049e-08  9.84950000e-09  2.26720120e-09 
 9.85050000e-09  9.41343471e-01  9.85050000e-09 -2.31428390e-08  9.85050000e-09  2.66564720e-09 
 9.85150000e-09  8.90044321e-01  9.85150000e-09 -3.01138127e-08  9.85150000e-09  2.26970265e-09 
 1.04325000e-08  9.37078603e-01  1.04325000e-08 -1.33455357e-08  1.04325000e-08  2.36243874e-09 
 1.04335000e-08  9.78411961e-01  1.04335000e-08 -1.23595512e-08  1.04335000e-08  2.58841648e-09 
 1.04345000e-08  1.01936649e+00  1.04345000e-08 -6.22451254e-09  1.04345000e-08  2.36712400e-09 
 1.04355000e-08  1.05994508e+00  1.04355000e-08 -1.65246855e-09  1.04355000e-08  2.58584382e-09 
 1.04365000e-08  1.10015814e+00  1.04365000e-08  4.76617573e-09  1.04365000e-08  2.36199166e-09 
 1.04375000e-08  1.13999734e+00  1.04375000e-08  7.27081037e-09  1.04375000e-08  2.57542826e-09 
 1.09685000e-08  1.15099856e+00  1.09685000e-08 -6.33627373e-10  1.09685000e-08  2.72555689e-09 
 1.09695000e-08  1.09883796e+00  1.09695000e-08 -5.83456927e-09  1.09695000e-08  2.21144675e-09 
 1.09705000e-08  1.04699311e+00  1.09705000e-08 -1.06675386e-08  1.09705000e-08  2.72106593e-09 
 1.09715000e-08  9.95374645e-01  1.09715000e-08 -1.72964001e-08  1.09715000e-08  2.21318391e-09 
 1.09725000e-08  9.43946819e-01  1.09725000e-08 -2.30105533e-08  1.09725000e-08  2.71932898e-09 
 1.09735000e-08  8.92642677e-01  1.09735000e-08 -2.99736208e-08  1.09735000e-08  2.21682067e-09 
 1.15545000e-08  9.34817488e-01  1.15545000e-08 -1.33937659e-08  1.15545000e-08  2.39032627e-09 
 1.15555000e-08  9.76171272e-01  1.15555000e-08 -1.25242059e-08  1.15555000e-08  2.56042271e-09 
 1.15565000e-08  1.01714703e+00  1.15565000e-08 -6.52678778e-09  1.15565000e-08  2.39491360e-09 
 1.15575000e-08  1.05774514e+00  1.15575000e-08 -1.93642102e-09  1.15575000e-08  2.55842597e-09 
 1.15585000e-08  1.09797868e+00  1.15585000e-08  4.56332253e-09  1.15585000e-08  2.38985398e-09 
 1.15595000e-08  1.13783796e+00  1.15595000e-08  7.10916870e-09  1.15595000e-08  2.54809779e-09 
 1.20905000e-08  1.15407558e+00  1.20905000e-08 -3.77777754e-10  1.20905000e-08  2.79151008e-09 
 1.20915000e-08  1.10189701e+00  1.20915000e-08 -5.78693596e-09  1.20915000e-08  2.14603391e-09 
 1.20925000e-08  1.05003472e+00  1.20925000e-08 -1.01905862e-08  1.20925000e-08  2.78635293e-09 
 1.20935000e-08  9.98405197e-01  1.20935000e-08 -1.72213968e-08  1.20935000e-08  2.14785689e-09 
 1.20945000e-08  9.46966928e-01  1.20945000e-08 -2.26412937e-08  1.20945000e-08  2.78391399e-09 
 1.20955000e-08  8.95656881e-01  1.20955000e-08 -2.99591972e-08  1.20955000e-08  2.15234086e-09 
 1.26765000e-08  9.32481903e-01  1.26765000e-08 -1.34280614e-08  1.26765000e-08  2.42153037e-09 
 1.26775000e-08  9.73857308e-01  1.26775000e-08 -1.26911913e-08  1.26775000e-08  2.52909105e-09 
 1.26785000e-08  1.01485457e+00  1.26785000e-08 -6.82716328e-09  1.26785000e-08  2.42598602e-09 
 1.26795000e-08  1.05547380e+00  1.26795000e-08 -2.23176905e-09  1.26795000e-08  2.52770455e-09 
 1.26805000e-08  1.09572853e+00  1.26805000e-08  4.35363712e-09  1.26805000e-08  2.42095244e-09 
 1.26815000e-08  1.13560896e+00  1.26815000e-08  6.93458521e-09  1.26815000e-08  2.51754712e-09 
 1.31855000e-08  2.05290168e+00  1.31855000e-08 -3.92125718e-09  1.31855000e-08  2.02422040e-09 
 1.32125000e-08  1.15683274e+00  1.32125000e-08 -1.85136656e-10  1.32125000e-08  2.85660612e-09 
 1.32135000e-08  1.10463786e+00  1.32135000e-08 -5.89743182e-09  1.32135000e-08  2.08148387e-09 
 1.32145000e-08  1.05275975e+00  1.32145000e-08 -9.89291191e-09  1.32145000e-08  2.85091661e-09 
 1.32155000e-08  1.00112017e+00  1.32155000e-08 -1.72387619e-08  1.32155000e-08  2.08379175e-09 
 1.32165000e-08  9.49672496e-01  1.32165000e-08 -2.22868818e-08  1.32165000e-08  2.84784285e-09 
 1.32175000e-08  8.98357109e-01  1.32175000e-08 -2.99498690e-08  1.32175000e-08  2.08877710e-09 
 1.37985000e-08  9.30079774e-01  1.37985000e-08 -1.33359107e-08  1.37985000e-08  2.45360732e-09 
 1.37995000e-08  9.71477615e-01  1.37995000e-08 -1.28096719e-08  1.37995000e-08  2.49665733e-09 
 1.38005000e-08  1.01249686e+00  1.38005000e-08 -7.10179557e-09  1.38005000e-08  2.45808951e-09 
 1.38015000e-08  1.05313749e+00  1.38015000e-08 -2.52960228e-09  1.38015000e-08  2.49603138e-09 
 1.38025000e-08  1.09341332e+00  1.38025000e-08  4.14485002e-09  1.38025000e-08  2.45310178e-09 
 1.38035000e-08  1.13331559e+00  1.38035000e-08  6.74821424e-09  1.38035000e-08  2.48607984e-09 
 1.43345000e-08  1.16012534e+00  1.43345000e-08  9.88777671e-11  1.43345000e-08  2.92180785e-09 
 1.43355000e-08  1.10791104e+00  1.43355000e-08 -5.90440655e-09  1.43355000e-08  2.01715933e-09 
 1.43365000e-08  1.05601395e+00  1.43365000e-08 -9.48582315e-09  1.43365000e-08  2.91555174e-09 
 1.43375000e-08  1.00436231e+00  1.43375000e-08 -1.71516027e-08  1.43375000e-08  2.01991424e-09 
 1.43385000e-08  9.52903360e-01  1.43385000e-08 -2.18209890e-08  1.43385000e-08  2.91185581e-09 
 1.43395000e-08  9.01581609e-01  1.43395000e-08 -2.98392447e-08  1.43395000e-08  2.02538558e-09 
 1.49205000e-08  9.27586729e-01  1.49205000e-08 -1.34292593e-08  1.49205000e-08  2.49044368e-09 
 1.49215000e-08  9.69007956e-01  1.49215000e-08 -1.29914241e-08  1.49215000e-08  2.45966447e-09 
 1.49225000e-08  1.01005010e+00  1.49225000e-08 -7.52685753e-09  1.49225000e-08  2.49471022e-09 
 1.49235000e-08  1.05071296e+00  1.49235000e-08 -2.86618002e-09  1.49235000e-08  2.45987586e-09 
 1.49245000e-08  1.09101066e+00  1.49245000e-08  3.82616944e-09  1.49245000e-08  2.48971899e-09 
 1.49255000e-08  1.13093554e+00  1.49255000e-08  6.54178936e-09  1.49255000e-08  2.45012960e-09 
 1.54565000e-08  1.16365685e+00  1.54565000e-08  4.38092312e-10  1.54565000e-08  2.98733333e-09 
 1.54575000e-08  1.11142141e+00  1.54575000e-08 -5.83331045e-09  1.54575000e-08  1.95340916e-09 
 1.54585000e-08  1.05950354e+00  1.54585000e-08 -9.00341818e-09  1.54585000e-08  2.98041758e-09 
 1.54595000e-08  1.00783856e+00  1.54595000e-08 -1.70084489e-08  1.54595000e-08  1.95650729e-09 
 1.54605000e-08  9.56367192e-01  1.54605000e-08 -2.12884750e-08  1.54605000e-08  2.97612085e-09 
 1.54615000e-08  9.05038378e-01  1.54615000e-08 -2.96771980e-08  1.54615000e-08  1.96245009e-09 
 1.60000000e-08 -1.01248922e-02  1.60000000e-08  1.08882487e-08  1.60000000e-08  2.51439136e-09 
