 time            v(b_out)        time            v(u_puf_u_core_sel_ro) time            v(q)           
 0.00000000e+00  4.68653885e-09  0.00000000e+00  2.46749748e-09  0.00000000e+00  2.46749746e-09 
 2.57750000e-09  9.09978980e-01  2.57750000e-09  2.81539572e-09  2.57750000e-09  2.46763593e-09 
 2.57850000e-09  9.51166523e-01  2.57850000e-09  2.79115214e-09  2.57850000e-09  2.46773613e-09 
 2.57950000e-09  9.91829606e-01  2.57950000e-09  2.83178020e-09  2.57950000e-09  2.46782428e-09 
 2.58050000e-09  1.03200812e+00  2.58050000e-09  2.92029831e-09  2.58050000e-09  2.46786652e-09 
 2.58150000e-09  1.07176787e+00  2.58150000e-09  3.03289729e-09  2.58150000e-09  2.46783172e-09 
 2.58250000e-09  1.11120773e+00  2.58250000e-09  3.10079293e-09  2.58250000e-09  2.46770143e-09 
 2.72650000e-09  1.94971660e+00  2.72650000e-09  1.60126221e-03  2.72650000e-09 -1.67118075e-07 
 3.11450000e-09  1.13459540e+00  3.11450000e-09  3.10015572e-09  3.11450000e-09  2.66212768e-09 
 3.11550000e-09  1.08262553e+00  3.11550000e-09  2.42313650e-09  3.11550000e-09  2.27372837e-09 
 3.11650000e-09  1.03093829e+00  3.11650000e-09  3.07484599e-09  3.11650000e-09  2.66039357e-09 
 3.11750000e-09  9.79428629e-01  3.11750000e-09  2.41155368e-09  3.11750000e-09  2.27551561e-09 
 3.11850000e-09  9.28073082e-01  3.11850000e-09  3.05356906e-09  3.11850000e-09  2.65870409e-09 
 3.11950000e-09  8.76800589e-01  3.11950000e-09  2.42041365e-09  3.11950000e-09  2.27729907e-09 
 3.69950000e-09  9.07727938e-01  3.69950000e-09  7.63186137e-09  3.69950000e-09  2.26172081e-09 
 3.70050000e-09  9.48944852e-01  3.70050000e-09  7.04914696e-09  3.70050000e-09  2.67425043e-09 
 3.70150000e-09  9.89636001e-01  3.70150000e-09  7.52372156e-09  3.70150000e-09  2.26326541e-09 
 3.70250000e-09  1.02984006e+00  3.70250000e-09  6.80069401e-09  3.70250000e-09  2.67159611e-09 
 3.70350000e-09  1.06962044e+00  3.70350000e-09  7.55494967e-09  3.70350000e-09  2.26615893e-09 
 3.70450000e-09  1.10907474e+00  3.70450000e-09  6.95482125e-09  3.70450000e-09  2.66925049e-09 
 4.23650000e-09  1.13760853e+00  4.23650000e-09  5.96866914e-09  4.23650000e-09  4.54724475e-09 
 4.23750000e-09  1.08562031e+00  4.23750000e-09  1.26368219e-09  4.23750000e-09  1.80211984e-09 
 4.23850000e-09  1.03392085e+00  4.23850000e-09  5.91575802e-09  4.23850000e-09  4.51745097e-09 
 4.23950000e-09  9.82400730e-01  4.23950000e-09  1.30431702e-09  4.23950000e-09  1.79957904e-09 
 4.24050000e-09  9.31039458e-01  4.24050000e-09  5.88120028e-09  4.24050000e-09  4.49142779e-09 
 4.24150000e-09  8.79761203e-01  4.24150000e-09  1.35200687e-09  4.24150000e-09  1.80058896e-09 
 4.82150000e-09  9.05497411e-01  4.82150000e-09  7.23360424e-09  4.82150000e-09  2.13689372e-09 
 4.82250000e-09  9.46743453e-01  4.82250000e-09  7.06342612e-09  4.82250000e-09  2.79848994e-09 
 4.82350000e-09  9.87461407e-01  4.82350000e-09  7.31673150e-09  4.82350000e-09  2.13985368e-09 
 4.82450000e-09  1.02768978e+00  4.82450000e-09  7.11443407e-09  4.82450000e-09  2.79481199e-09 
 4.82550000e-09  1.06749073e+00  4.82550000e-09  7.30408609e-09  4.82550000e-09  2.14296286e-09 
 4.82650000e-09  1.10695960e+00  4.82650000e-09  7.03570452e-09  4.82650000e-09  2.79130813e-09 
 5.35850000e-09  1.13971862e+00  5.35850000e-09  5.21127613e-09  5.35850000e-09  4.15574419e-09 
 5.35950000e-09  1.08771724e+00  5.35950000e-09  1.55234045e-09  5.35950000e-09  1.99646194e-09 
 5.36050000e-09  1.03600888e+00  5.36050000e-09  5.17183646e-09  5.36050000e-09  4.14353263e-09 
 5.36150000e-09  9.84481148e-01  5.36150000e-09  1.58285970e-09  5.36150000e-09  2.00389605e-09 
 5.36250000e-09  9.33115625e-01  5.36250000e-09  5.14176499e-09  5.36250000e-09  4.13110912e-09 
 5.36350000e-09  8.81833151e-01  5.36350000e-09  1.61926256e-09  5.36350000e-09  2.01143213e-09 
 5.94450000e-09  9.45116065e-01  5.94450000e-09  7.10803383e-09  5.94450000e-09  2.81679485e-09 
 5.94550000e-09  9.85854315e-01  5.94550000e-09  7.14719722e-09  5.94550000e-09  2.12137025e-09 
 5.94650000e-09  1.02610118e+00  5.94650000e-09  7.10408549e-09  5.94650000e-09  2.81321011e-09 
 5.94750000e-09  1.06591754e+00  5.94750000e-09  7.11342796e-09  5.94750000e-09  2.12469425e-09 
 5.94850000e-09  1.10539742e+00  5.94850000e-09  7.01323360e-09  5.94850000e-09  2.80960571e-09 
 5.94950000e-09  1.14466834e+00  5.94950000e-09  6.99844516e-09  5.94950000e-09  2.12808815e-09 
 6.48050000e-09  1.14202565e+00  6.48050000e-09  4.13850690e-09  6.48050000e-09  3.73069370e-09 
 6.48150000e-09  1.09001090e+00  6.48150000e-09  1.51716084e-09  6.48150000e-09  2.10451911e-09 
 6.48250000e-09  1.03829221e+00  6.48250000e-09  4.48898238e-09  6.48250000e-09  3.47021373e-09 
 6.48350000e-09  9.86757041e-01  6.48350000e-09  1.74357412e-09  6.48350000e-09  1.67360020e-09 
 6.48450000e-09  9.35386351e-01  6.48450000e-09  4.56371954e-09  6.48450000e-09  3.71350056e-09 
 6.48550000e-09  8.84099879e-01  6.48550000e-09  1.83607290e-09  6.48550000e-09  2.11776091e-09 
 7.06650000e-09  9.43685050e-01  7.06650000e-09  7.11041059e-09  7.06650000e-09  2.84350776e-09 
 7.06750000e-09  9.84441721e-01  7.06750000e-09  6.81216344e-09  7.06750000e-09  2.09447082e-09 
 7.06850000e-09  1.02470548e+00  7.06850000e-09  6.90376592e-09  7.06850000e-09  2.83970186e-09 
 7.06950000e-09  1.06453555e+00  7.06950000e-09  6.81423368e-09  7.06950000e-09  2.09864331e-09 
 7.07050000e-09  1.10402529e+00  7.07050000e-09  6.96103003e-09  7.07050000e-09  2.83609092e-09 
 7.07150000e-09  1.14330113e+00  7.07150000e-09  6.77673767e-09  7.07150000e-09  2.10192175e-09 
 7.60250000e-09  1.14373134e+00  7.60250000e-09  4.12806017e-09  7.60250000e-09  3.15927051e-09 
 7.60350000e-09  1.09170707e+00  7.60350000e-09  1.79764725e-09  7.60350000e-09  1.78863652e-09 
 7.60450000e-09  1.03997953e+00  7.60450000e-09  4.08598530e-09  7.60450000e-09  3.15672571e-09 
 7.60550000e-09  9.88439271e-01  7.60550000e-09  1.94914032e-09  7.60550000e-09  1.79667486e-09 
 7.60650000e-09  9.37063736e-01  7.60650000e-09  4.12790890e-09  7.60650000e-09  3.14670889e-09 
 7.60750000e-09  8.85774883e-01  7.60750000e-09  2.02562034e-09  7.60750000e-09  1.80046872e-09 
 8.18850000e-09  9.41560260e-01  8.18850000e-09  7.11693238e-09  8.18850000e-09  2.87587804e-09 
 8.18950000e-09  9.82342701e-01  8.18950000e-09  6.78264850e-09  8.18950000e-09  2.06264861e-09 
 8.19050000e-09  1.02263064e+00  8.19050000e-09  7.10558984e-09  8.19050000e-09  2.87180463e-09 
 8.19150000e-09  1.06248080e+00  8.19150000e-09  6.75750370e-09  8.19150000e-09  2.06646400e-09 
 8.19250000e-09  1.10198572e+00  8.19250000e-09  7.01659342e-09  8.19250000e-09  2.86770507e-09 
 8.19350000e-09  1.14126879e+00  8.19350000e-09  6.65010835e-09  8.19350000e-09  2.07032980e-09 
 8.72450000e-09  1.14668196e+00  8.72450000e-09  3.18303273e-09  8.72450000e-09  2.87273355e-09 
 8.72550000e-09  1.09464152e+00  8.72550000e-09  1.98029421e-09  8.72550000e-09  2.06424222e-09 
 8.72650000e-09  1.04289868e+00  8.72650000e-09  3.18242133e-09  8.72650000e-09  2.86889001e-09 
 8.72750000e-09  9.91349631e-01  8.72750000e-09  1.98564598e-09  8.72750000e-09  2.06793221e-09 
 8.72850000e-09  9.39965766e-01  8.72850000e-09  3.15713924e-09  8.72850000e-09  2.86523322e-09 
 8.72950000e-09  8.88673079e-01  8.72950000e-09  1.98866787e-09  8.72950000e-09  2.07164075e-09 
 9.31050000e-09  9.39553413e-01  9.31050000e-09  7.14596132e-09  9.31050000e-09  2.93274888e-09 
 9.31150000e-09  9.80360703e-01  9.31150000e-09  6.52141735e-09  9.31150000e-09  2.00644173e-09 
 9.31250000e-09  1.02067218e+00  9.31250000e-09  7.12885825e-09  9.31250000e-09  2.92813096e-09 
 9.31350000e-09  1.06054148e+00  9.31350000e-09  6.50213197e-09  9.31350000e-09  2.01078398e-09 
 9.31450000e-09  1.10006112e+00  9.31450000e-09  7.03990644e-09  9.31450000e-09  2.92348445e-09 
 9.31550000e-09  1.13935130e+00  9.31550000e-09  6.40033160e-09  9.31550000e-09  2.01516254e-09 
 9.84650000e-09  1.14919854e+00  9.84650000e-09  2.67992581e-09  9.84650000e-09  2.62432359e-09 
 9.84750000e-09  1.09714420e+00  9.84750000e-09  2.36177444e-09  9.84750000e-09  2.31137459e-09 
 9.84850000e-09  1.04538825e+00  9.84850000e-09  2.65787106e-09  9.84850000e-09  2.62284483e-09 
 9.84950000e-09  9.93831632e-01  9.84950000e-09  2.33915992e-09  9.84950000e-09  2.31280967e-09 
 9.85050000e-09  9.42440644e-01  9.85050000e-09  2.62814362e-09  9.85050000e-09  2.62143635e-09 
 9.85150000e-09  8.91144512e-01  9.85150000e-09  2.32514027e-09  9.85150000e-09  2.31425851e-09 
 1.04325000e-08  9.37481162e-01  1.04325000e-08  7.19715473e-09  1.04325000e-08  2.97719338e-09 
 1.04335000e-08  9.78314486e-01  1.04335000e-08  6.33461725e-09  1.04335000e-08  1.96316896e-09 
 1.04345000e-08  1.01865010e+00  1.04345000e-08  7.17473550e-09  1.04345000e-08  2.97213898e-09 
 1.04355000e-08  1.05853966e+00  1.04355000e-08  6.32124211e-09  1.04355000e-08  1.96789729e-09 
 1.04365000e-08  1.09807448e+00  1.04365000e-08  7.08683084e-09  1.04365000e-08  2.96704999e-09 
 1.04375000e-08  1.13737263e+00  1.04375000e-08  6.22459537e-09  1.04375000e-08  1.97264927e-09 
 1.09685000e-08  1.15170501e+00  1.09685000e-08  2.16334006e-09  1.09685000e-08  2.36372555e-09 
 1.09695000e-08  1.09963669e+00  1.09695000e-08  3.00015887e-09  1.09695000e-08  2.57079530e-09 
 1.09705000e-08  1.04786752e+00  1.09705000e-08  2.15355805e-09  1.09705000e-08  2.36458852e-09 
 1.09715000e-08  9.96303192e-01  1.09715000e-08  2.98133099e-09  1.09715000e-08  2.56993171e-09 
 1.09725000e-08  9.44905015e-01  1.09725000e-08  2.14969376e-09  1.09725000e-08  2.36546954e-09 
 1.09735000e-08  8.93605369e-01  1.09735000e-08  2.97934993e-09  1.09735000e-08  2.56909127e-09 
 1.15545000e-08  9.35294111e-01  1.15545000e-08  7.18824222e-09  1.15545000e-08  3.01635522e-09 
 1.15555000e-08  9.76155257e-01  1.15555000e-08  6.09420803e-09  1.15555000e-08  1.92552352e-09 
 1.15565000e-08  1.01651618e+00  1.15565000e-08  7.15757789e-09  1.15565000e-08  3.01079262e-09 
 1.15575000e-08  1.05642760e+00  1.15575000e-08  6.08330383e-09  1.15575000e-08  1.93050320e-09 
 1.15585000e-08  1.09597848e+00  1.15585000e-08  7.06919748e-09  1.15585000e-08  3.00531061e-09 
 1.15595000e-08  1.13528568e+00  1.15595000e-08  5.99056299e-09  1.15595000e-08  1.93555905e-09 
 1.20905000e-08  1.15462187e+00  1.20905000e-08  1.84137003e-09  1.20905000e-08  2.11041029e-09 
 1.20915000e-08  1.10253719e+00  1.20915000e-08  3.89060278e-09  1.20915000e-08  2.82330281e-09 
 1.20925000e-08  1.05075246e+00  1.20925000e-08  2.16164314e-09  1.20925000e-08  2.11377305e-09 
 1.20935000e-08  9.99179031e-01  1.20935000e-08  3.77170703e-09  1.20935000e-08  2.81924906e-09 
 1.20945000e-08  9.47772377e-01  1.20945000e-08  1.85497287e-09  1.20945000e-08  2.11671686e-09 
 1.20955000e-08  8.96468600e-01  1.20955000e-08  3.85722654e-09  1.20955000e-08  2.81707641e-09 
 1.26765000e-08  9.33152140e-01  1.26765000e-08  7.44100620e-09  1.26765000e-08  3.06268150e-09 
 1.26775000e-08  9.74040613e-01  1.26775000e-08  6.07770512e-09  1.26775000e-08  1.88144089e-09 
 1.26785000e-08  1.01442646e+00  1.26785000e-08  7.40430622e-09  1.26785000e-08  3.05663195e-09 
 1.26795000e-08  1.05435949e+00  1.26795000e-08  6.07047348e-09  1.26795000e-08  1.88675930e-09 
 1.26805000e-08  1.09392769e+00  1.26805000e-08  7.31459340e-09  1.26805000e-08  3.05069342e-09 
 1.26815000e-08  1.13324541e+00  1.26815000e-08  5.98023892e-09  1.26815000e-08  1.89215421e-09 
 1.31855000e-08  2.05291412e+00  1.31855000e-08  5.47533621e-09  1.31855000e-08  3.15596871e-09 
 1.32125000e-08  1.15724630e+00  1.32125000e-08  1.95291158e-09  1.32125000e-08  1.86163668e-09 
 1.32135000e-08  1.10514678e+00  1.32135000e-08  4.78347406e-09  1.32135000e-08  3.07331044e-09 
 1.32145000e-08  1.05334786e+00  1.32145000e-08  1.99112873e-09  1.32145000e-08  1.86843435e-09 
 1.32155000e-08  1.00176607e+00  1.32155000e-08  4.76729828e-09  1.32155000e-08  3.06532377e-09 
 1.32165000e-08  9.50351665e-01  1.32165000e-08  2.01741351e-09  1.32165000e-08  1.87242571e-09 
 1.32175000e-08  8.99044095e-01  1.32175000e-08  4.75470768e-09  1.32175000e-08  3.06258147e-09 
 1.37985000e-08  9.31247156e-01  1.37985000e-08  7.61781882e-09  1.37985000e-08  3.10626302e-09 
 1.37995000e-08  9.72160002e-01  1.37995000e-08  6.01049632e-09  1.37995000e-08  1.84095761e-09 
 1.38005000e-08  1.01256812e+00  1.38005000e-08  7.57826071e-09  1.38005000e-08  3.09961862e-09 
 1.38015000e-08  1.05252056e+00  1.38015000e-08  6.00775418e-09  1.38015000e-08  1.84641269e-09 
 1.38025000e-08  1.09210325e+00  1.38025000e-08  7.48692669e-09  1.38025000e-08  3.09306075e-09 
 1.38035000e-08  1.13142949e+00  1.38035000e-08  5.91972962e-09  1.38035000e-08  1.85197707e-09 
 1.43345000e-08  1.15973538e+00  1.43345000e-08  1.66657507e-09  1.43345000e-08  1.69788028e-09 
 1.43355000e-08  1.10762169e+00  1.43355000e-08  5.32686176e-09  1.43355000e-08  3.67296277e-09 
 1.43365000e-08  1.05580915e+00  1.43365000e-08  1.71671796e-09  1.43365000e-08  2.13733181e-09 
 1.43375000e-08  1.00421929e+00  1.43375000e-08  5.30950148e-09  1.43375000e-08  3.41733569e-09 
 1.43385000e-08  9.52797432e-01  1.43385000e-08  1.74950363e-09  1.43385000e-08  1.71350240e-09 
 1.43395000e-08  9.01486205e-01  1.43395000e-08  5.28799968e-09  1.43395000e-08  3.29668604e-09 
 1.49205000e-08  9.28942021e-01  1.49205000e-08  7.72143968e-09  1.49205000e-08  3.07456877e-09 
 1.49215000e-08  9.69884444e-01  1.49215000e-08  6.06547926e-09  1.49215000e-08  1.87007193e-09 
 1.49225000e-08  1.01031964e+00  1.49225000e-08  7.67831213e-09  1.49225000e-08  3.06861869e-09 
 1.49235000e-08  1.05029577e+00  1.49235000e-08  6.06331202e-09  1.49235000e-08  1.87552163e-09 
 1.49245000e-08  1.08989630e+00  1.49245000e-08  7.58888102e-09  1.49245000e-08  3.06258313e-09 
 1.49255000e-08  1.12923321e+00  1.49255000e-08  5.97536939e-09  1.49255000e-08  1.88094579e-09 
 1.54565000e-08  1.16284597e+00  1.54565000e-08  1.25856148e-09  1.54565000e-08  1.98613964e-09 
 1.54575000e-08  1.11071464e+00  1.54575000e-08  5.86774662e-09  1.54575000e-08  4.11771911e-09 
 1.54585000e-08  1.05888504e+00  1.54585000e-08  1.33411227e-09  1.54585000e-08  2.00111988e-09 
 1.54595000e-08  1.00728505e+00  1.54595000e-08  5.85982410e-09  1.54595000e-08  4.11015050e-09 
 1.54605000e-08  9.55853873e-01  1.54605000e-08  1.38673548e-09  1.54605000e-08  2.01161504e-09 
 1.54615000e-08  9.04538113e-01  1.54615000e-08  5.84065116e-09  1.54615000e-08  4.10119927e-09 
 1.60000000e-08 -1.01654531e-02  1.60000000e-08  1.49778992e-08  1.60000000e-08  3.10619608e-09 
