 time            v(b_out)        time            v(u_puf_u_core_sel_ro) time            v(q)           
 0.00000000e+00  4.68653885e-09  0.00000000e+00  2.46749748e-09  0.00000000e+00  2.46749746e-09 
 2.57850000e-09  9.39876771e-01  2.57850000e-09  2.98386899e-09  2.57850000e-09  2.46768300e-09 
 2.57950000e-09  9.75580732e-01  2.57950000e-09  3.07345699e-09  2.57950000e-09  2.46785048e-09 
 2.58050000e-09  1.01193241e+00  2.58050000e-09  2.96246030e-09  2.58050000e-09  2.46742138e-09 
 2.58150000e-09  1.04913583e+00  2.58150000e-09  2.93610225e-09  2.58150000e-09  2.46770820e-09 
 2.58250000e-09  1.08676468e+00  2.58250000e-09  2.59201152e-09  2.58250000e-09  2.46708770e-09 
 2.58350000e-09  1.12430134e+00  2.58350000e-09  2.34112180e-09  2.58350000e-09  2.46757226e-09 
 2.73750000e-09  1.94980934e+00  2.73750000e-09  2.67509830e-03  2.73750000e-09 -2.32420018e-07 
 3.11450000e-09  1.13633535e+00  3.11450000e-09  4.67618462e-07  3.11450000e-09  2.42942516e-09 
 3.11550000e-09  1.08356488e+00  3.11550000e-09  4.65692835e-07  3.11550000e-09  2.50556703e-09 
 3.11650000e-09  1.03103147e+00  3.11650000e-09  4.61071065e-07  3.11650000e-09  2.42986936e-09 
 3.11750000e-09  9.78630609e-01  3.11750000e-09  4.59177983e-07  3.11750000e-09  2.50513715e-09 
 3.11850000e-09  9.26329902e-01  3.11850000e-09  4.54674058e-07  3.11850000e-09  2.43034126e-09 
 3.11950000e-09  8.74025568e-01  3.11950000e-09  4.52831533e-07  3.11950000e-09  2.50472565e-09 
 3.70050000e-09  9.41565364e-01  3.70050000e-09  1.00766477e-08  3.70050000e-09  2.15586410e-09 
 3.70150000e-09  9.78601145e-01  3.70150000e-09  7.55742627e-09  3.70150000e-09  2.78347390e-09 
 3.70250000e-09  1.01616043e+00  3.70250000e-09  9.65135119e-09  3.70250000e-09  2.15810392e-09 
 3.70350000e-09  1.05402926e+00  3.70350000e-09  7.07952280e-09  3.70350000e-09  2.77927104e-09 
 3.70450000e-09  1.09181077e+00  3.70450000e-09  9.37714772e-09  3.70450000e-09  2.16215135e-09 
 3.70550000e-09  1.12926587e+00  3.70550000e-09  6.73049158e-09  3.70550000e-09  2.77516088e-09 
 4.23650000e-09  1.13939445e+00  4.23650000e-09  3.45369903e-08  4.23650000e-09  1.94405519e-09 
 4.23750000e-09  1.08660908e+00  4.23750000e-09  3.68371851e-08  4.23750000e-09  2.98926295e-09 
 4.23850000e-09  1.03406592e+00  4.23850000e-09  3.45080971e-08  4.23850000e-09  1.94877559e-09 
 4.23950000e-09  9.81657149e-01  4.23950000e-09  3.67847526e-08  4.23950000e-09  2.98457609e-09 
 4.24050000e-09  9.29354773e-01  4.24050000e-09  3.44840767e-08  4.24050000e-09  1.95347283e-09 
 4.24150000e-09  8.77050162e-01  4.24150000e-09  3.67564092e-08  4.24150000e-09  2.97994063e-09 
 4.82250000e-09  9.39553373e-01  4.82250000e-09  1.02928250e-08  4.82250000e-09  2.19448487e-09 
 4.82350000e-09  9.76565635e-01  4.82350000e-09  7.05030268e-09  4.82350000e-09  2.74458606e-09 
 4.82450000e-09  1.01409754e+00  4.82450000e-09  9.79655171e-09  4.82450000e-09  2.19671020e-09 
 4.82550000e-09  1.05196027e+00  4.82550000e-09  6.60921426e-09  4.82550000e-09  2.74080159e-09 
 4.82650000e-09  1.08975403e+00  4.82650000e-09  9.50837764e-09  4.82650000e-09  2.20060115e-09 
 4.82750000e-09  1.12723089e+00  4.82750000e-09  6.18160273e-09  4.82750000e-09  2.73665524e-09 
 5.35850000e-09  1.14195004e+00  5.35850000e-09  1.07453051e-08  5.35850000e-09  1.95791544e-09 
 5.35950000e-09  1.08915409e+00  5.35950000e-09  1.36749284e-08  5.35950000e-09  2.97533337e-09 
 5.36050000e-09  1.03660027e+00  5.36050000e-09  1.08267953e-08  5.36050000e-09  1.96243050e-09 
 5.36150000e-09  9.84186456e-01  5.36150000e-09  1.37222551e-08  5.36150000e-09  2.97084030e-09 
 5.36250000e-09  9.31880423e-01  5.36250000e-09  1.09119892e-08  5.36250000e-09  1.96693201e-09 
 5.36350000e-09  8.79577067e-01  5.36350000e-09  1.37926160e-08  5.36350000e-09  2.96639996e-09 
 5.94450000e-09  9.37843454e-01  5.94450000e-09  1.03503485e-08  5.94450000e-09  2.17533191e-09 
 5.94550000e-09  9.74836615e-01  5.94550000e-09  6.83664828e-09  5.94550000e-09  2.76353518e-09 
 5.94650000e-09  1.01234475e+00  5.94650000e-09  9.82713327e-09  5.94650000e-09  2.17796231e-09 
 5.94750000e-09  1.05020134e+00  5.94750000e-09  6.38901471e-09  5.94750000e-09  2.75948203e-09 
 5.94850000e-09  1.08800493e+00  5.94850000e-09  9.51544288e-09  5.94850000e-09  2.18214924e-09 
 5.94950000e-09  1.12550007e+00  5.94950000e-09  5.92831365e-09  5.94950000e-09  2.75506307e-09 
 6.48050000e-09  1.14440099e+00  6.48050000e-09  4.47702705e-09  6.48050000e-09  1.97808198e-09 
 6.48150000e-09  1.09159519e+00  6.48150000e-09  7.91844057e-09  6.48150000e-09  2.95503094e-09 
 6.48250000e-09  1.03903124e+00  6.48250000e-09  4.57393012e-09  6.48250000e-09  1.98216932e-09 
 6.48350000e-09  9.86612721e-01  6.48350000e-09  7.97211205e-09  6.48350000e-09  2.95073371e-09 
 6.48450000e-09  9.34303233e-01  6.48450000e-09  4.67436623e-09  6.48450000e-09  1.98636879e-09 
 6.48550000e-09  8.82001199e-01  6.48550000e-09  8.04852548e-09  6.48550000e-09  2.94661084e-09 
 7.06650000e-09  9.36745726e-01  7.06650000e-09  1.04372815e-08  7.06650000e-09  2.13941187e-09 
 7.06750000e-09  9.73726992e-01  7.06750000e-09  6.62567931e-09  7.06750000e-09  2.79917484e-09 
 7.06850000e-09  1.01121959e+00  7.06850000e-09  9.88314580e-09  7.06850000e-09  2.14263385e-09 
 7.06950000e-09  1.04907171e+00  7.06950000e-09  6.17805671e-09  7.06950000e-09  2.79465484e-09 
 7.07050000e-09  1.08688130e+00  7.07050000e-09  9.54839480e-09  7.07050000e-09  2.14727514e-09 
 7.07150000e-09  1.12438802e+00  7.07150000e-09  5.68213449e-09  7.07150000e-09  2.78974266e-09 
 7.60250000e-09  1.14601590e+00  7.60250000e-09  3.01188649e-09  7.60250000e-09  2.01713307e-09 
 7.60350000e-09  1.09320330e+00  7.60350000e-09  6.66263164e-09  7.60350000e-09  2.91582652e-09 
 7.60450000e-09  1.04063245e+00  7.60450000e-09  3.20152724e-09  7.60450000e-09  2.02104583e-09 
 7.60550000e-09  9.88210562e-01  7.60550000e-09  6.81166099e-09  7.60550000e-09  2.91207525e-09 
 7.60650000e-09  9.35898584e-01  7.60650000e-09  3.36493847e-09  7.60650000e-09  2.02469991e-09 
 7.60750000e-09  8.83597213e-01  7.60750000e-09  6.92804805e-09  7.60750000e-09  2.90826896e-09 
 8.18850000e-09  9.35005348e-01  8.18850000e-09  1.02812749e-08  8.18850000e-09  2.13271967e-09 
 8.18950000e-09  9.71968116e-01  8.18950000e-09  6.71719516e-09  8.18950000e-09  2.80577672e-09 
 8.19050000e-09  1.00943616e+00  8.19050000e-09  9.71960840e-09  8.19050000e-09  2.13605295e-09 
 8.19150000e-09  1.04728298e+00  8.19150000e-09  6.19685792e-09  8.19150000e-09  2.80099643e-09 
 8.19250000e-09  1.08510298e+00  8.19250000e-09  9.28606192e-09  8.19250000e-09  2.14072410e-09 
 8.19350000e-09  1.12262738e+00  8.19350000e-09  5.63951802e-09  8.19350000e-09  2.79628376e-09 
 8.72450000e-09  1.14831734e+00  8.72450000e-09  1.75035098e-09  8.72450000e-09  2.08975837e-09 
 8.72550000e-09  1.09549503e+00  8.72550000e-09  5.64594194e-09  8.72550000e-09  2.84304869e-09 
 8.72650000e-09  1.04291417e+00  8.72650000e-09  1.85323798e-09  8.72650000e-09  2.09288903e-09 
 8.72750000e-09  9.90487303e-01  8.72750000e-09  5.70136788e-09  8.72750000e-09  2.84019236e-09 
 8.72850000e-09  9.38171613e-01  8.72850000e-09  1.96376140e-09  8.72850000e-09  2.09596268e-09 
 8.72950000e-09  8.85871056e-01  8.72950000e-09  5.78208334e-09  8.72950000e-09  2.83729079e-09 
 9.31050000e-09  9.33196271e-01  9.31050000e-09  1.00511177e-08  9.31050000e-09  2.14986762e-09 
 9.31150000e-09  9.70140853e-01  9.31150000e-09  6.86134438e-09  9.31150000e-09  2.78861595e-09 
 9.31250000e-09  1.00758301e+00  9.31250000e-09  9.47335424e-09  9.31250000e-09  2.15304652e-09 
 9.31350000e-09  1.04542044e+00  9.31350000e-09  6.35355094e-09  9.31350000e-09  2.78418405e-09 
 9.31450000e-09  1.08324959e+00  9.31450000e-09  9.06355102e-09  9.31450000e-09  2.15745083e-09 
 9.31550000e-09  1.12078975e+00  9.31550000e-09  5.82412396e-09  9.31550000e-09  2.77982798e-09 
 9.84650000e-09  1.15125542e+00  9.84650000e-09  1.13163920e-09  9.84650000e-09  2.17377893e-09 
 9.84750000e-09  1.09842100e+00  9.84750000e-09  5.29154781e-09  9.84750000e-09  2.75965767e-09 
 9.84850000e-09  1.04582745e+00  9.84850000e-09  1.28492050e-09  9.84850000e-09  2.17586127e-09 
 9.84950000e-09  9.93394241e-01  9.84950000e-09  5.36805528e-09  9.84950000e-09  2.75756790e-09 
 9.85050000e-09  9.41073792e-01  9.85050000e-09  1.40993067e-09  9.85050000e-09  2.17803631e-09 
 9.85150000e-09  8.88774287e-01  9.85150000e-09  5.45013523e-09  9.85150000e-09  2.75553846e-09 
 1.04325000e-08  9.31116292e-01  1.04325000e-08  9.76918660e-09  1.04325000e-08  2.18003487e-09 
 1.04335000e-08  9.68041389e-01  1.04335000e-08  7.05653189e-09  1.04335000e-08  2.75849932e-09 
 1.04345000e-08  1.00545336e+00  1.04345000e-08  9.16863818e-09  1.04345000e-08  2.18290536e-09 
 1.04355000e-08  1.04327883e+00  1.04355000e-08  6.56223997e-09  1.04355000e-08  2.75459922e-09 
 1.04365000e-08  1.08111755e+00  1.04365000e-08  8.78656686e-09  1.04365000e-08  2.18685797e-09 
 1.04375000e-08  1.11867832e+00  1.04375000e-08  5.99500358e-09  1.04375000e-08  2.75051365e-09 
 1.09685000e-08  1.15403324e+00  1.09685000e-08  7.45458140e-10  1.09685000e-08  2.29183289e-09 
 1.09695000e-08  1.10118733e+00  1.09695000e-08  5.11180021e-09  1.09695000e-08  2.64221228e-09 
 1.09705000e-08  1.04858166e+00  1.09705000e-08  8.98828068e-10  1.09705000e-08  2.29271624e-09 
 1.09715000e-08  9.96142292e-01  1.09715000e-08  5.18091761e-09  1.09715000e-08  2.64131433e-09 
 1.09725000e-08  9.43817191e-01  1.09725000e-08  1.02306058e-09  1.09725000e-08  2.29369668e-09 
 1.09735000e-08  8.91518574e-01  1.09735000e-08  5.25480148e-09  1.09735000e-08  2.64046190e-09 
 1.15545000e-08  9.29011805e-01  1.15545000e-08  9.54203172e-09  1.15545000e-08  2.21134439e-09 
 1.15555000e-08  9.65918649e-01  1.15555000e-08  7.22893309e-09  1.15555000e-08  2.72731815e-09 
 1.15565000e-08  1.00329957e+00  1.15565000e-08  8.96406505e-09  1.15565000e-08  2.21390967e-09 
 1.15575000e-08  1.04111160e+00  1.15575000e-08  6.74208447e-09  1.15575000e-08  2.72383210e-09 
 1.15585000e-08  1.07895891e+00  1.15585000e-08  8.58006655e-09  1.15585000e-08  2.21742880e-09 
 1.15595000e-08  1.11654024e+00  1.15595000e-08  6.15447687e-09  1.15595000e-08  2.72011147e-09 
 1.20635000e-08  2.05290542e+00  1.20635000e-08  3.32664882e-09  1.20635000e-08  2.50667054e-09 
 1.20905000e-08  1.15695597e+00  1.20905000e-08  5.50332308e-10  1.20905000e-08  2.42049319e-09 
 1.20915000e-08  1.10409792e+00  1.20915000e-08  4.97295283e-09  1.20915000e-08  2.51421800e-09 
 1.20925000e-08  1.05147933e+00  1.20925000e-08  7.01700559e-10  1.20925000e-08  2.42006637e-09 
 1.20935000e-08  9.99033274e-01  1.20935000e-08  5.03431019e-09  1.20935000e-08  2.51461935e-09 
 1.20945000e-08  9.46703066e-01  1.20945000e-08  8.24565138e-10  1.20945000e-08  2.41974241e-09 
 1.20955000e-08  8.94405218e-01  1.20955000e-08  5.10050055e-09  1.20955000e-08  2.51506543e-09 
 1.26765000e-08  9.27123066e-01  1.26765000e-08  9.24296659e-09  1.26765000e-08  2.24848579e-09 
 1.26775000e-08  9.64014801e-01  1.26775000e-08  7.36290948e-09  1.26775000e-08  2.69023498e-09 
 1.26785000e-08  1.00136772e+00  1.26785000e-08  8.70129852e-09  1.26785000e-08  2.25083568e-09 
 1.26795000e-08  1.03916650e+00  1.26795000e-08  6.93343372e-09  1.26795000e-08  2.68729455e-09 
 1.26805000e-08  1.07702069e+00  1.26805000e-08  8.30251198e-09  1.26805000e-08  2.25368851e-09 
 1.26815000e-08  1.11462009e+00  1.26815000e-08  6.28299607e-09  1.26815000e-08  2.68399181e-09 
 1.32125000e-08  1.15972371e+00  1.32125000e-08  4.32925390e-10  1.32125000e-08  2.55201837e-09 
 1.32135000e-08  1.10685416e+00  1.32135000e-08  4.80239573e-09  1.32135000e-08  2.38332859e-09 
 1.32145000e-08  1.05422319e+00  1.32145000e-08  5.83494919e-10  1.32145000e-08  2.55028437e-09 
 1.32155000e-08  1.00177061e+00  1.32155000e-08  4.85774820e-09  1.32155000e-08  2.38505754e-09 
 1.32165000e-08  9.49435377e-01  1.32165000e-08  7.06355724e-10  1.32165000e-08  2.54865989e-09 
 1.32175000e-08  8.97138108e-01  1.32175000e-08  4.91829649e-09  1.32175000e-08  2.38679504e-09 
 1.37985000e-08  9.25207474e-01  1.37985000e-08  9.03113359e-09  1.37985000e-08  2.28793196e-09 
 1.37995000e-08  9.62085189e-01  1.37995000e-08  7.67556427e-09  1.37995000e-08  2.65118211e-09 
 1.38005000e-08  9.99409713e-01  1.38005000e-08  8.62964281e-09  1.38005000e-08  2.28977642e-09 
 1.38015000e-08  1.03719393e+00  1.38015000e-08  7.20459284e-09  1.38015000e-08  2.64842970e-09 
 1.38025000e-08  1.07505427e+00  1.38025000e-08  8.14573201e-09  1.38025000e-08  2.29210034e-09 
 1.38035000e-08  1.11267163e+00  1.38035000e-08  6.59528254e-09  1.38035000e-08  2.64589251e-09 
 1.43345000e-08  1.16273882e+00  1.43345000e-08  3.86076865e-10  1.43345000e-08  2.54894283e-09 
 1.43355000e-08  1.10985690e+00  1.43355000e-08  4.69070274e-09  1.43355000e-08  2.38629394e-09 
 1.43365000e-08  1.05721245e+00  1.43365000e-08  5.39053080e-10  1.43365000e-08  2.54726357e-09 
 1.43375000e-08  1.00475270e+00  1.43375000e-08  4.74337852e-09  1.43375000e-08  2.38800690e-09 
 1.43385000e-08  9.52411891e-01  1.43385000e-08  6.62352340e-10  1.43385000e-08  2.54568655e-09 
 1.43395000e-08  9.00115196e-01  1.43395000e-08  4.79962381e-09  1.43395000e-08  2.38972248e-09 
 1.49205000e-08  9.23080562e-01  1.49205000e-08  8.81760823e-09  1.49205000e-08  2.31538394e-09 
 1.49215000e-08  9.59944218e-01  1.49215000e-08  7.98750396e-09  1.49215000e-08  2.62404604e-09 
 1.49225000e-08  9.97237218e-01  1.49225000e-08  8.47375684e-09  1.49225000e-08  2.31675090e-09 
 1.49235000e-08  1.03500394e+00  1.49235000e-08  7.46526116e-09  1.49235000e-08  2.62153932e-09 
 1.49245000e-08  1.07287002e+00  1.49245000e-08  7.97518884e-09  1.49245000e-08  2.31877040e-09 
 1.49255000e-08  1.11050687e+00  1.49255000e-08  6.91010030e-09  1.49255000e-08  2.61951993e-09 
 1.54565000e-08  1.16628412e+00  1.54565000e-08  2.91572266e-10  1.54565000e-08  2.54016441e-09 
 1.54575000e-08  1.11338746e+00  1.54575000e-08  4.48748946e-09  1.54575000e-08  2.39544368e-09 
 1.54585000e-08  1.06072678e+00  1.54585000e-08  5.83688375e-10  1.54585000e-08  2.53843668e-09 
 1.54595000e-08  1.00825814e+00  1.54595000e-08  4.64931293e-09  1.54595000e-08  2.39688941e-09 
 1.54605000e-08  9.55910349e-01  1.54605000e-08  7.88260152e-10  1.54605000e-08  2.53687726e-09 
 1.54615000e-08  9.03613969e-01  1.54615000e-08  4.76130016e-09  1.54615000e-08  2.39842912e-09 
 1.60000000e-08 -1.02472400e-02  1.60000000e-08  2.01326823e-08  1.60000000e-08  2.32780428e-09 
