 time            v(b_out)        time            v(u_puf_u_core_sel_ro) time            v(q)           
 0.00000000e+00  4.68653885e-09  0.00000000e+00  2.46749748e-09  0.00000000e+00  2.46749746e-09 
 2.57850000e-09  9.39876292e-01  2.57850000e-09  1.45025167e-09  2.57850000e-09  2.46710824e-09 
 2.57950000e-09  9.75580456e-01  2.57950000e-09  7.93000471e-10  2.57950000e-09  2.46594950e-09 
 2.58050000e-09  1.01193276e+00  2.58050000e-09  2.95394373e-09  2.58050000e-09  2.47167392e-09 
 2.58150000e-09  1.04913626e+00  2.58150000e-09  9.30525790e-09  2.58150000e-09  2.47700138e-09 
 2.58250000e-09  1.08676352e+00  2.58250000e-09  2.40172990e-09  2.58250000e-09  2.44993881e-09 
 2.58350000e-09  1.12429774e+00  2.58350000e-09 -4.50093943e-09  2.58350000e-09  2.45821963e-09 
 2.68950000e-09  1.94879162e+00  2.68950000e-09  1.59789442e-03  2.68950000e-09 -1.60747480e-07 
 3.11450000e-09  1.13615031e+00  3.11450000e-09  9.60604069e-10  3.11450000e-09  1.67504882e-09 
 3.11550000e-09  1.08338067e+00  3.11550000e-09  4.85052878e-09  3.11550000e-09  4.75365769e-09 
 3.11650000e-09  1.03084765e+00  3.11650000e-09 -8.35985725e-11  3.11650000e-09  1.58650021e-09 
 3.11750000e-09  9.78446973e-01  3.11750000e-09  3.66380570e-09  3.11750000e-09  4.62900812e-09 
 3.11850000e-09  9.26145881e-01  3.11850000e-09 -1.53600432e-09  3.11850000e-09  1.72322595e-09 
 3.11950000e-09  8.73840917e-01  3.11950000e-09  2.30141659e-09  3.11950000e-09  4.78547996e-09 
 3.70050000e-09  9.41810176e-01  3.70050000e-09  4.81486592e-09  3.70050000e-09  1.96011729e-09 
 3.70150000e-09  9.78849454e-01  3.70150000e-09  9.39919839e-09  3.70150000e-09  2.98193070e-09 
 3.70250000e-09  1.01641211e+00  3.70250000e-09  8.44971670e-09  3.70250000e-09  1.95814193e-09 
 3.70350000e-09  1.05428031e+00  3.70350000e-09  1.06401749e-09  3.70350000e-09  2.95538666e-09 
 3.70450000e-09  1.09205824e+00  3.70450000e-09 -1.61424745e-08  3.70450000e-09  1.94240440e-09 
 3.70550000e-09  1.12950852e+00  3.70550000e-09 -2.85835444e-08  3.70550000e-09  2.95836045e-09 
 4.23650000e-09  1.13913972e+00  4.23650000e-09  2.52335522e-09  4.23650000e-09  2.78742446e-09 
 4.23750000e-09  1.08635554e+00  4.23750000e-09  1.13512513e-09  4.23750000e-09  2.14841323e-09 
 4.23850000e-09  1.03381300e+00  4.23850000e-09  1.34873054e-09  4.23850000e-09  2.78437945e-09 
 4.23950000e-09  9.81404626e-01  4.23950000e-09 -2.96112579e-11  4.23950000e-09  2.15183177e-09 
 4.24050000e-09  9.29101919e-01  4.24050000e-09 -1.55682134e-11  4.24050000e-09  2.78128975e-09 
 4.24150000e-09  8.76796715e-01  4.24150000e-09 -1.65652955e-09  4.24150000e-09  2.15470075e-09 
 4.82250000e-09  9.39667978e-01  4.82250000e-09  4.71711650e-09  4.82250000e-09  2.13790813e-09 
 4.82350000e-09  9.76682116e-01  4.82350000e-09  9.03831354e-09  4.82350000e-09  2.80315798e-09 
 4.82450000e-09  1.01421568e+00  4.82450000e-09  8.77844400e-09  4.82450000e-09  2.13535573e-09 
 4.82550000e-09  1.05207761e+00  4.82550000e-09  1.56517260e-09  4.82550000e-09  2.77887746e-09 
 4.82650000e-09  1.08986865e+00  4.82650000e-09 -1.51549474e-08  4.82650000e-09  2.11732171e-09 
 4.82750000e-09  1.12734215e+00  4.82750000e-09 -2.83734539e-08  4.82750000e-09  2.78163542e-09 
 5.35850000e-09  1.14175807e+00  5.35850000e-09  2.19859828e-09  5.35850000e-09  2.55037363e-09 
 5.35950000e-09  1.08896278e+00  5.35950000e-09  1.50138924e-09  5.35950000e-09  2.38437309e-09 
 5.36050000e-09  1.03640954e+00  5.36050000e-09  9.17499687e-10  5.36050000e-09  2.54941468e-09 
 5.36150000e-09  9.83995778e-01  5.36150000e-09  1.02301723e-10  5.36150000e-09  2.38537085e-09 
 5.36250000e-09  9.31689532e-01  5.36250000e-09 -4.59717792e-10  5.36250000e-09  2.54902255e-09 
 5.36350000e-09  8.79385414e-01  5.36350000e-09 -1.26219682e-09  5.36350000e-09  2.38645192e-09 
 5.94450000e-09  9.38035569e-01  5.94450000e-09  4.62105162e-09  5.94450000e-09  2.18052737e-09 
 5.94550000e-09  9.75031506e-01  5.94550000e-09  8.88306062e-09  5.94550000e-09  2.76074019e-09 
 5.94650000e-09  1.01254261e+00  5.94650000e-09  8.97298089e-09  5.94650000e-09  2.17819940e-09 
 5.94750000e-09  1.05039883e+00  5.94750000e-09  2.05147510e-09  5.94750000e-09  2.73723150e-09 
 5.94850000e-09  1.08819938e+00  5.94850000e-09 -1.44432042e-08  5.94850000e-09  2.15916218e-09 
 5.94950000e-09  1.12569027e+00  5.94950000e-09 -2.80896515e-08  5.94950000e-09  2.73896961e-09 
 6.48050000e-09  1.14395627e+00  6.48050000e-09  1.83306306e-09  6.48050000e-09  2.36396186e-09 
 6.48150000e-09  1.09115213e+00  6.48150000e-09  1.82255216e-09  6.48150000e-09  2.56994348e-09 
 6.48250000e-09  1.03858980e+00  6.48250000e-09  6.22068258e-10  6.48250000e-09  2.36478898e-09 
 6.48350000e-09  9.86171816e-01  6.48350000e-09  5.60268026e-10  6.48350000e-09  2.56935662e-09 
 6.48450000e-09  9.33862467e-01  6.48450000e-09 -6.52569304e-10  6.48450000e-09  2.36589032e-09 
 6.48550000e-09  8.81559540e-01  6.48550000e-09 -7.94625282e-10  6.48550000e-09  2.56859278e-09 
 7.06650000e-09  9.36945492e-01  7.06650000e-09  4.57085722e-09  7.06650000e-09  2.22641006e-09 
 7.06750000e-09  9.73929545e-01  7.06750000e-09  8.78297038e-09  7.06750000e-09  2.71505651e-09 
 7.06850000e-09  1.01142527e+00  7.06850000e-09  9.11168127e-09  7.06850000e-09  2.22402025e-09 
 7.06950000e-09  1.04927717e+00  7.06950000e-09  2.37781983e-09  7.06950000e-09  2.69230965e-09 
 7.07050000e-09  1.08708373e+00  7.07050000e-09 -1.39448618e-08  7.07050000e-09  2.20414370e-09 
 7.07150000e-09  1.12458614e+00  7.07150000e-09 -2.78913843e-08  7.07150000e-09  2.69354700e-09 
 7.60250000e-09  1.14581132e+00  7.60250000e-09  1.71173140e-09  7.60250000e-09  2.24097330e-09 
 7.60350000e-09  1.09299955e+00  7.60350000e-09  2.12850235e-09  7.60350000e-09  2.69241834e-09 
 7.60450000e-09  1.04042939e+00  7.60450000e-09  4.71089084e-10  7.60450000e-09  2.24272745e-09 
 7.60550000e-09  9.88007622e-01  7.60550000e-09  7.75213116e-10  7.60550000e-09  2.69049810e-09 
 7.60650000e-09  9.35695508e-01  7.60650000e-09 -8.46253428e-10  7.60650000e-09  2.24509766e-09 
 7.60750000e-09  8.83393438e-01  7.60750000e-09 -5.02112046e-10  7.60750000e-09  2.68911388e-09 
 8.18850000e-09  9.35140413e-01  8.18850000e-09  4.45668955e-09  8.18850000e-09  2.25597424e-09 
 8.18950000e-09  9.72105258e-01  8.18950000e-09  8.61644012e-09  8.18950000e-09  2.68550671e-09 
 8.19050000e-09  1.00957558e+00  8.19050000e-09  9.26714178e-09  8.19050000e-09  2.25401831e-09 
 8.19150000e-09  1.04741917e+00  8.19150000e-09  2.91585389e-09  8.19150000e-09  2.66356515e-09 
 8.19250000e-09  1.08523557e+00  8.19250000e-09 -1.31832684e-08  8.19250000e-09  2.23325286e-09 
 8.19350000e-09  1.12275652e+00  8.19350000e-09 -2.75398820e-08  8.19350000e-09  2.66348354e-09 
 8.72450000e-09  1.14842358e+00  8.72450000e-09  1.48138687e-09  8.72450000e-09  2.05010098e-09 
 8.72550000e-09  1.09560084e+00  8.72550000e-09  2.70303294e-09  8.72550000e-09  2.88278368e-09 
 8.72650000e-09  1.04301936e+00  8.72650000e-09  4.91328450e-10  8.72650000e-09  2.05378814e-09 
 8.72750000e-09  9.90591988e-01  8.72750000e-09  1.30211852e-09  8.72750000e-09  2.87863422e-09 
 8.72850000e-09  9.38275676e-01  8.72850000e-09 -9.11713788e-10  8.72850000e-09  2.05798750e-09 
 8.72950000e-09  8.85974545e-01  8.72950000e-09  4.57408000e-11  8.72950000e-09  2.87548602e-09 
 9.31050000e-09  9.33191186e-01  9.31050000e-09  4.37042594e-09  9.31050000e-09  2.30752412e-09 
 9.31150000e-09  9.70136342e-01  9.31150000e-09  8.43869330e-09  9.31150000e-09  2.63407196e-09 
 9.31250000e-09  1.00757879e+00  9.31250000e-09  9.45072531e-09  9.31250000e-09  2.30580044e-09 
 9.31350000e-09  1.04541224e+00  9.31350000e-09  3.48406612e-09  9.31350000e-09  2.61323424e-09 
 9.31450000e-09  1.08323853e+00  9.31450000e-09 -1.23169994e-08  9.31450000e-09  2.28396929e-09 
 9.31550000e-09  1.12077920e+00  9.31550000e-09 -2.71534632e-08  9.31550000e-09  2.61186150e-09 
 9.84650000e-09  1.15135733e+00  9.84650000e-09  1.71941619e-09  9.84650000e-09  1.84327886e-09 
 9.84750000e-09  1.09852247e+00  9.84750000e-09  3.50120830e-09  9.84750000e-09  3.09354287e-09 
 9.84850000e-09  1.04592834e+00  9.84850000e-09  7.14819481e-10  9.84850000e-09  1.85052434e-09 
 9.84950000e-09  9.93494665e-01  9.84950000e-09  2.16938514e-09  9.84950000e-09  3.08498210e-09 
 9.85050000e-09  9.41173638e-01  9.85050000e-09 -8.49035536e-10  9.85050000e-09  1.85470644e-09 
 9.85150000e-09  8.88873596e-01  9.85150000e-09  6.71870282e-10  9.85150000e-09  3.08243447e-09 
 1.04325000e-08  9.31016815e-01  1.04325000e-08  4.33178260e-09  1.04325000e-08  2.36882686e-09 
 1.04335000e-08  9.67941871e-01  1.04335000e-08  8.21459503e-09  1.04335000e-08  2.57293942e-09 
 1.04345000e-08  1.00535301e+00  1.04345000e-08  9.65616131e-09  1.04345000e-08  2.36731656e-09 
 1.04355000e-08  1.04317395e+00  1.04355000e-08  4.06323614e-09  1.04355000e-08  2.55344018e-09 
 1.04365000e-08  1.08101025e+00  1.04365000e-08 -1.13323544e-08  1.04365000e-08  2.34431274e-09 
 1.04375000e-08  1.11857258e+00  1.04375000e-08 -2.67568162e-08  1.04375000e-08  2.55062299e-09 
 1.09685000e-08  1.15435282e+00  1.09685000e-08  1.51080218e-09  1.09685000e-08  1.68078340e-09 
 1.09695000e-08  1.10150556e+00  1.09695000e-08  3.95080565e-09  1.09695000e-08  3.69625930e-09 
 1.09705000e-08  1.04889835e+00  1.09705000e-08  5.11700710e-10  1.09705000e-08  2.12328194e-09 
 1.09715000e-08  9.96458035e-01  1.09715000e-08  2.73343859e-09  1.09715000e-08  3.43845202e-09 
 1.09725000e-08  9.44131986e-01  1.09725000e-08 -9.83279097e-10  1.09725000e-08  1.69667586e-09 
 1.09735000e-08  8.91832899e-01  1.09735000e-08  1.26925215e-09  1.09735000e-08  3.68078285e-09 
 1.15545000e-08  9.28806935e-01  1.15545000e-08  4.30011940e-09  1.15545000e-08  2.43939219e-09 
 1.15555000e-08  9.65712900e-01  1.15555000e-08  7.96119881e-09  1.15555000e-08  2.50251331e-09 
 1.15565000e-08  1.00309144e+00  1.15565000e-08  9.84988299e-09  1.15565000e-08  2.43792692e-09 
 1.15575000e-08  1.04089810e+00  1.15575000e-08  4.61443850e-09  1.15575000e-08  2.48452053e-09 
 1.15585000e-08  1.07874487e+00  1.15585000e-08 -9.32002137e-09  1.15585000e-08  2.41549197e-09 
 1.15595000e-08  1.11632971e+00  1.15595000e-08 -2.39319639e-08  1.15595000e-08  2.48203691e-09 
 1.20635000e-08  2.05290518e+00  1.20635000e-08  6.21527052e-09  1.20635000e-08  4.26536106e-09 
 1.20905000e-08  1.15730742e+00  1.20905000e-08  1.40956491e-09  1.20905000e-08  2.00796230e-09 
 1.20915000e-08  1.10444790e+00  1.20915000e-08  4.72118999e-09  1.20915000e-08  4.08947715e-09 
 1.20925000e-08  1.05182762e+00  1.20925000e-08  4.98791952e-10  1.20925000e-08  2.02168016e-09 
 1.20935000e-08  9.99380523e-01  1.20935000e-08  3.34847813e-09  1.20935000e-08  4.08120171e-09 
 1.20945000e-08  9.47049298e-01  1.20945000e-08 -1.07599413e-09  1.20945000e-08  2.03185635e-09 
 1.20955000e-08  8.94750978e-01  1.20955000e-08  1.83538559e-09  1.20955000e-08  4.07283046e-09 
 1.26765000e-08  9.26823212e-01  1.26765000e-08  4.14636542e-09  1.26765000e-08  2.50412280e-09 
 1.26775000e-08  9.63713442e-01  1.26775000e-08  7.73424919e-09  1.26775000e-08  2.43786136e-09 
 1.26785000e-08  1.00106258e+00  1.26785000e-08  9.82575526e-09  1.26785000e-08  2.50263071e-09 
 1.26795000e-08  1.03885858e+00  1.26795000e-08  4.92225075e-09  1.26795000e-08  2.42105042e-09 
 1.26805000e-08  1.07671365e+00  1.26805000e-08 -8.82244083e-09  1.26805000e-08  2.47919241e-09 
 1.26815000e-08  1.11431442e+00  1.26815000e-08 -2.35159701e-08  1.26815000e-08  2.41830478e-09 
 1.32125000e-08  1.16024431e+00  1.32125000e-08  1.16897386e-09  1.32125000e-08  1.91764915e-09 
 1.32135000e-08  1.10737258e+00  1.32135000e-08  5.10058396e-09  1.32135000e-08  4.39098052e-09 
 1.32145000e-08  1.05473915e+00  1.32145000e-08  3.09626380e-10  1.32145000e-08  1.95689009e-09 
 1.32155000e-08  1.00228511e+00  1.32155000e-08  3.75655143e-09  1.32155000e-08  4.36810182e-09 
 1.32165000e-08  9.49948524e-01  1.32165000e-08 -1.24307833e-09  1.32165000e-08  1.94851368e-09 
 1.32175000e-08  8.97650803e-01  1.32175000e-08  2.26052660e-09  1.32175000e-08  4.33743041e-09 
 1.37985000e-08  9.24719357e-01  1.37985000e-08  3.96453095e-09  1.37985000e-08  2.58026756e-09 
 1.37995000e-08  9.61594501e-01  1.37995000e-08  7.48621695e-09  1.37995000e-08  2.36184444e-09 
 1.38005000e-08  9.98912450e-01  1.38005000e-08  9.73922043e-09  1.38005000e-08  2.57862204e-09 
 1.38015000e-08  1.03669231e+00  1.38015000e-08  5.43380566e-09  1.38015000e-08  2.34675435e-09 
 1.38025000e-08  1.07455403e+00  1.38025000e-08 -7.94163080e-09  1.38025000e-08  2.55422467e-09 
 1.38035000e-08  1.11217447e+00  1.38035000e-08 -2.28365373e-08  1.38035000e-08  2.34299324e-09 
 1.43345000e-08  1.16355632e+00  1.43345000e-08  8.87812379e-10  1.43345000e-08  1.79235238e-09 
 1.43355000e-08  1.11067099e+00  1.43355000e-08  5.38711917e-09  1.43355000e-08  4.57885235e-09 
 1.43365000e-08  1.05802270e+00  1.43365000e-08  1.46275103e-10  1.43365000e-08  1.78614673e-09 
 1.43375000e-08  1.00556071e+00  1.43375000e-08  4.08942885e-09  1.43375000e-08  4.54694399e-09 
 1.43385000e-08  9.53217955e-01  1.43385000e-08 -1.36842401e-09  1.43385000e-08  1.70832926e-09 
 1.43395000e-08  9.00920820e-01  1.43395000e-08  2.62225178e-09  1.43395000e-08  4.43786141e-09 
 1.49205000e-08  9.22338707e-01  1.49205000e-08  3.84359916e-09  1.49205000e-08  2.60868460e-09 
 1.49215000e-08  9.59198549e-01  1.49215000e-08  7.16807269e-09  1.49215000e-08  2.33321723e-09 
 1.49225000e-08  9.96481267e-01  1.49225000e-08  9.69658573e-09  1.49225000e-08  2.60748051e-09 
 1.49235000e-08  1.03424115e+00  1.49235000e-08  5.92888330e-09  1.49235000e-08  2.31949127e-09 
 1.49245000e-08  1.07210909e+00  1.49245000e-08 -6.87713198e-09  1.49245000e-08  2.58272714e-09 
 1.49255000e-08  1.10975115e+00  1.49255000e-08 -2.20973790e-08  1.49255000e-08  2.31395414e-09 
 1.54565000e-08  1.16720614e+00  1.54565000e-08  6.73669232e-10  1.54565000e-08  1.69211756e-09 
 1.54575000e-08  1.11430564e+00  1.54575000e-08  5.65063796e-09  1.54575000e-08  4.86703744e-09 
 1.54585000e-08  1.06164060e+00  1.54585000e-08  2.07017459e-11  1.54585000e-08  1.72741382e-09 
 1.54595000e-08  1.00916940e+00  1.54595000e-08  4.39678441e-09  1.54595000e-08  4.82539930e-09 
 1.54605000e-08  9.56819382e-01  1.54605000e-08 -1.46155538e-09  1.54605000e-08  1.70670078e-09 
 1.54615000e-08  9.04522518e-01  1.54615000e-08  2.94443847e-09  1.54615000e-08  4.77719159e-09 
 1.60000000e-08 -1.02178336e-02  1.60000000e-08  8.55293938e-09  1.60000000e-08  2.69052591e-09 
